"i","lambda.1","mu.1","lambda.2","mu.2","p"
1,4.04585380020024,0.882612267863384,2.64293300756172,0.787796995068348,138.536378141052
2,2.45754942264841,0.333300808403004,2.62181010879589,1.41995896416537,139.798249971575
3,2.60880387342403,0.0341863668474772,3.47987542067276,1.06513831926016,140.709901360949
4,2.82535263155048,0.93557016743162,3.66357566921809,1.35793665455409,139.058167589306
5,3.51638331933231,0.48988656404886,4.04014684318004,1.76801059399505,138.797590512798
6,2.33781833234326,0.133338780144483,4.04096985819898,0.390296324901537,139.071734147049
7,2.77847652867761,0.203691837673271,2.39740683636369,0.501778546667874,141.19174593602
8,2.94782352863275,0.419272908486344,2.24156519152781,0.215112509423695,141.085518901978
9,2.75703193979026,0.209717084464367,3.44536943565531,1.99075137694819,140.091325217457
10,2.96947956767074,0.440770514752335,3.4829115204623,1.06986852614048,140.171975453817
11,3.95278844649663,1.98403917910915,2.89098166469617,1.52283794134931,137.690170887419
12,3.87067927474818,1.79057298192139,5.53835824668227,5.6830884645788,134.323790417771
13,3.98370907886812,1.11536745835466,7.38371472490953,5.03263247530065,134.279397499697
14,3.36211307131756,0.0994279425776093,5.44624920376449,2.56465639111497,137.507423065787
15,2.71440193820346,0.0788838569178578,2.41628617306311,0.266988068646922,141.53436648087
16,2.82556090997954,0.104755775162756,2.91511870964739,0.542893164875397,141.170257514412
17,2.84434289284471,0.0349857233470327,2.80541433688772,1.79811269323174,140.170906446105
18,2.87969366327697,1.5100451406902,2.54079723646446,0.0780528376589662,138.847369118616
19,2.78650791147253,0.32483978215302,2.43284979645564,1.08025268676759,140.434736075156
20,2.86811019017053,0.162668402950484,2.30370909868585,1.15105562021731,140.378694174395
21,3.23581524222475,0.956159692862295,3.28826156531721,0.443524320615947,139.651729290194
22,2.97411652365523,1.52205406583435,2.6962554878578,0.351395770854988,138.853634986542
23,3.87838330520357,0.652131153244896,3.05400908647949,0.0346442331571062,138.903778712673
24,3.5972134648212,1.07324176520031,1.80708034936381,0.698005024277129,138.704470520659
25,3.51799847150267,0.100344809544456,2.15123560528967,0.298716961306511,140.094141227989
26,2.75367077175317,0.159679058308262,2.51233807268084,0.269206874971658,141.416355022921
27,2.88458510036168,1.23530814172121,2.92102746429033,1.94429804616307,138.070480046911
28,3.87687574165759,1.60501475712521,3.41711656666529,2.42515814157592,137.402642060255
29,3.49920689945654,1.83320209982626,4.45902760543633,2.42289760576356,137.019422854119
30,3.5580896597218,1.2972758262094,3.73226290519726,1.11571363309713,138.593640473315
31,3.9624153642292,1.30837946040922,3.11588147481187,1.17268505924935,138.468146192907
32,4.37653569055849,2.71761875699949,2.85540317725886,1.54221789554333,136.463365803795
33,4.57831583292577,2.57213479384749,2.98162861769839,0.306988613654914,137.115287994376
34,4.14857886051854,1.79142834377479,2.70726342939771,1.61988794524125,137.37725668484
35,4.11471975945736,0.778776529892861,3.41393324269792,1.49552535016581,137.678439733625
36,3.95605072523334,0.430198014182363,3.78954592666167,2.77333055343161,136.996685628211
37,3.46246035003574,0.0594905892024799,3.20745157657158,1.51873180307872,139.447119251112
38,2.63359066321474,0.356125536175042,2.77181779716686,1.2188761705996,140.345755805222
39,3.0940510877381,0.714528173223628,3.46500546630528,1.68285001896845,139.600521494572
40,2.89533957894973,0.299223456826341,2.98270508707711,0.129017993004919,140.916166485385
41,2.49146756119203,0.238090618142461,2.07309703522853,0.174777753937217,141.060784164859
42,2.50139897862711,0.947948196730141,1.79798546032524,0.990386408907323,137.560520360552
43,3.14843421137845,0.686017797346998,3.25740915301621,0.694407277452794,140.057681010593
44,3.3210363585964,0.0800039133751196,3.35871450594186,0.728866142963403,140.015690836695
45,2.05842755946356,0.296618869031948,2.76335540325637,1.40801991501462,138.670783018604
46,2.23792753955749,0.0667688528740216,3.25773527835475,2.29065088308399,139.286591700325
47,2.78259217395027,0.0110085263554909,2.91098004665373,3.14001307059948,137.957191638291
48,2.73144646351082,0.198307494025245,6.44017197265252,5.10762195716138,137.433363035499
49,2.74901317349772,1.35601779712223,6.13943954967866,5.59332125202496,134.678943642053
50,4.20078015764363,0.471531820648307,6.03391685462479,5.30810515534953,134.067876689547
51,3.96595590891771,0.328521194402579,5.59768493432837,3.83213054269555,135.740409275134
52,2.90519006386598,0.493152230499044,7.91427119244381,7.93893105955914,134.896638920445
53,3.22461302185731,0.863795807029907,7.42915894716559,5.13180439165977,135.569501970727
54,3.79884896005352,1.54372647645511,7.70027854903718,6.82498580180021,134.072488521835
55,4.28442241329207,1.96889085373383,8.18137992952254,7.08242729134778,132.801369586605
56,3.94911473129071,2.82262359334761,6.02327735768795,6.14406568157453,132.288124360299
57,5.06304196261565,3.22654580855418,6.49263670115161,4.02144355798305,132.240462038569
58,3.86327470028345,0.368800934594542,3.95681377054265,2.02006426432903,137.769778535504
59,2.26501758038146,0.769602107098634,4.15777892143021,2.64948774468462,137.141759774904
60,3.68494362969841,0.196532183299368,2.41045266626313,0.749903129874133,139.308054102446
61,3.52693559593592,0.515939529702742,1.9121781405322,0.137955776963642,140.08678295961
62,3.18464132593004,0.793947045999671,2.18663599012504,0.822860240544816,139.831951157713
63,2.80747305660296,0.879684907452801,1.66189093769309,0.781091888903188,138.485234063415
64,2.87992986875201,1.21773634949208,3.13123669422091,0.742679790256495,139.048693051486
65,3.30682567960867,1.39844345043309,3.1442349365541,0.232411999457693,139.13992001417
66,3.18267028950562,0.914034297992068,2.27569786059688,0.361768932496341,140.278946235873
67,3.16389452049537,0.1704257931931,3.80504955621028,0.455380458837352,139.595321267631
68,2.70044727684076,0.00545033112213464,4.12854674796574,0.569705824415772,139.628087432734
69,2.80929146473848,0.127298760851233,3.10254844469392,0.459356587261949,141.012139328735
70,2.65926773050543,1.82469490312948,1.85781919972611,0.634863711563072,135.99544413481
71,3.10600647489769,1.03142057440211,3.23380599314857,1.18375094978548,139.473472014138
72,3.05889614309123,0.942388430201544,3.45512202471585,1.07653779333741,139.48336710699
73,3.29895963457014,0.529860206062835,2.78628002837142,1.80703260288637,139.258346579047
74,2.56817569430102,0.303543397326783,4.12313935419283,2.79421044352146,139.158783886062
75,2.50029043915708,0.715880947059298,4.51520458480265,2.0392322676405,138.011381317145
76,2.38351760287698,0.738767997034174,4.92016267282964,1.70683539799053,136.820701983667
77,3.04039534485173,0.0748576530975383,3.04817454733635,0.238581231368038,140.905860064326
78,2.85998252362288,0.236206951819691,2.30398732515717,1.42044948902776,139.872973716397
79,2.30013296724319,0.0457937006972433,3.79294517684555,0.588683474183201,139.773821464581
80,2.99244355295061,0.411235429281019,3.40264260364715,1.28168804644505,140.210423786333
81,2.65657104567323,0.300357815998952,3.00027388236531,0.982628495333942,140.646086695125
82,2.71578806855308,0.029199264454446,3.36604038907805,1.87041750181357,140.419523878061
83,2.22681796228317,0.0248961387277991,5.20583122676981,2.6414415043634,138.265807339799
84,2.26748564345281,0.0993441512799659,2.45729457149922,2.0506579025574,138.617157485325
85,2.81451549396965,0.0546727076632664,3.26100697232223,0.753643715464915,140.909735043877
86,2.5014195208037,0.277878420442793,2.35926993796382,1.67733314266161,139.233770063033
87,2.88229425187784,0.969125280546981,4.52042963938146,1.89658778795215,138.124725509602
88,3.97685382890402,0.607381428151437,4.28041787354296,1.93408124976976,137.270960891753
89,3.68536883804406,0.435060171256563,3.69514244457104,1.7270277464419,138.631823258154
90,3.53250975632596,0.0244832909051268,3.87918418775347,0.520226233345724,138.570361368511
91,3.56813208122389,0.63491485199379,2.76614841543112,0.233642378298553,140.002942654981
92,2.30374099065349,0.214105630678019,1.31883340392533,0.20725869953769,139.007214455514
93,3.00660157721178,0.11375565925503,3.36810561561138,1.25490254054148,140.49129573901
94,2.21031405791214,0.27108562353699,3.14738241299042,0.554582654074004,139.802545370987
95,3.43582542720378,1.31504713494482,2.87973971785217,0.245752457847469,139.558124697522
96,3.11996799462383,1.63619063137553,1.65702322908766,0.843029134841899,137.069159613902
97,3.98892331515245,2.57078690774531,2.76123589585402,0.549753533154976,137.517497175362
98,4.25816946076253,1.55483976685919,2.52220103248338,1.72022043897853,136.847687758063
99,3.35524287396975,1.47871477848313,4.04276079393731,2.08571741832895,137.996011273703
100,3.23498065267898,0.116711506674843,3.19852170158661,0.488366427913106,140.382082524881
101,2.26439744760724,0.0939638811770488,1.88578772904979,0.397661291641214,140.408035970809
102,2.34081226711922,0.0375971119908117,3.03942187301583,0.604661111728279,140.835185266868
103,3.35340814697721,0.0228225652740863,2.97438538156435,0.986170907873381,140.124983697695
104,3.34247253209151,0.000719625060748106,3.00537368719852,0.941937000825364,140.164225748
105,2.94745573049303,0.249379049140057,3.2557442875889,0.66659197543859,140.645126085479
106,3.27951858654783,0.906466322083849,2.24805716377907,0.38074423568825,140.218952673073
107,2.64645149066796,0.448352402362319,2.61183585237487,1.65474727574716,139.52515882116
108,2.92888488818583,0.143275306430562,2.82311246639785,0.442825865009704,141.153278335536
109,2.30612961214921,0.143362442956652,2.46467352004294,0.186481577269289,140.968579262671
110,2.15035810101276,0.132748858718603,2.95173517858581,0.0501238162133317,140.189407067751
111,3.04323944988409,1.13805766513316,1.74264556126799,0.924242370454848,138.171578595598
112,2.22179107688194,0.191638440808566,4.08677387517305,1.35732219724975,139.011776949021
113,2.76976325594333,0.181497744304804,3.12398884270241,0.925556590211782,140.839431672233
114,3.23837680373048,0.934203697772326,2.40857827678738,1.82894702323345,138.353472081215
115,3.80405813676402,0.565767682410983,4.60842362817282,1.85900390421712,137.369617244916
116,3.04433820820174,0.328610534204727,3.31884854954686,1.75184751207166,140.02281584872
117,2.69196646229217,0.286229783871492,3.49800117246519,2.47100688708736,139.503815192037
118,1.95344713803007,0.514079365441546,3.3159900833744,0.761815418091845,137.523726138916
119,4.0979554658051,1.22496456105366,2.07996260299084,0.254926585636948,138.720732372802
120,2.96302639662922,0.412552564677172,3.32899778532411,1.84847793526377,139.914020762814
121,3.70265182714577,0.394253503963624,4.10444143406968,0.489810816405337,137.74379896697
122,3.17986915732473,0.608435270046898,3.10669039338056,0.0755753658348851,140.25313024521
123,2.26456204849214,0.309610639876442,1.85743150752376,0.19630749350875,140.087339503486
124,2.19928773156348,0.375324427409509,1.87516966554116,0.0913862429729187,139.820555630237
125,2.95821074134173,0.24504093396232,2.11425574209997,0.380303251414883,141.03168529474
126,2.25908255927605,1.13442566625989,2.39893943550509,0.740673337396906,137.204250090713
127,3.99601837083028,0.801507967398611,2.32953697754009,0.951529943532092,138.311927382065
128,3.87732067945269,1.36494437113648,1.92111786752414,0.850109966476263,138.083968091669
129,3.56393166359915,0.589343053633654,2.24209784643644,0.506891838032936,139.879285494665
130,3.63867533501217,0.997716745281006,2.23140106343419,0.607856076037816,139.48211674173
131,3.11796068607773,1.23079610874779,2.46097761943386,0.130719239986286,139.915339540918
132,4.291704737469,2.86933308882274,2.26904574481701,0.915130743457098,136.537574034048
133,4.22447855602331,2.86733861027217,1.91332951996676,0.991270085017834,135.79393197847
134,4.03884146468096,1.0953356303962,2.80129553051329,0.130994391162399,138.846151476241
135,3.68115243486126,0.853929714086392,2.62088704310048,0.638153796906525,139.5829768453
136,2.88826893863768,0.270661100927885,2.87799461464958,1.34561936842324,140.4711672051
137,2.96813849206812,0.0160712880442032,2.11620124329702,1.46097904993608,139.529189223667
138,2.30807023109668,0.127344233283402,2.03474041568871,0.0800111166227441,141.001143171953
139,2.99252772870253,0.177590211433109,1.67727752365329,0.0492324477814196,140.896099703623
140,2.30016776116986,0.334680971137754,2.04202044151563,0.0371050950780615,140.502511881763
141,2.19672904314022,0.37191580538923,1.87633292979064,0.00802382906629695,139.921100606161
142,2.5157019954493,0.361533469016033,2.09814767655547,0.333396978163095,140.693425772956
143,2.95480075862157,0.489519071814124,2.35264361088501,0.327550681671077,140.93434175622
144,2.76107896662491,0.258646090407217,2.1867284110393,0.330360194124215,141.178638015338
145,2.7568556428029,0.0656027464363329,2.6118472008214,0.551334334547683,141.349418153245
146,2.70895955894697,0.016053644638035,3.06357300842817,0.490996293271568,141.201138426608
147,2.88520749022341,0.804011664164727,3.31044964048491,0.238263366612572,139.733378284788
148,3.27476063294754,0.758672160582126,3.51980758852444,0.619675881350205,139.572431127818
149,2.7550976302059,0.167229417975551,1.69123945624188,0.658558192904341,140.018201412293
150,2.42183464426901,0.729929354001457,1.69437325318677,0.102384490828735,139.274944483858
151,2.51634765677073,0.670775748702547,1.51111377980995,0.198078480086022,139.106082304251
152,2.4300939932266,0.671118600820178,1.72473081411806,0.785407469571886,138.344778880198
153,2.77198733683908,1.33616980960588,2.70391533410999,0.745861480335519,138.667144277757
154,4.26545048795744,1.68750314650037,3.00690793385097,0.710104431104888,137.992411590296
155,5.3607890377578,2.20490790515939,1.72295785619484,0.232024598048217,134.776914988829
156,3.90454373581415,1.92765482677627,1.63953294975876,0.00685207531808063,138.360585504293
157,4.32001827224484,2.35161678329541,1.74028437635089,0.168278671180624,137.49274491551
158,3.4155942441717,2.25692253405852,1.64265083414191,0.454640470195081,136.721780904537
159,4.83874598180024,2.36950937304697,3.48685907121841,1.21640035834902,136.133370896738
160,3.78650200344965,0.0923281507272964,3.38400373748447,1.67378691033664,138.2435758523
161,3.15131320591416,0.268722077776769,2.88899499929029,2.77625255012726,138.11563731754
162,2.81919191640602,0.270556494543213,5.52228968634979,4.44035960839774,138.007374688231
163,2.95056632470198,0.179661772659664,6.32690716963553,4.4061705616141,137.572314399719
164,3.39804748730748,0.379140535258567,5.70664182621083,2.71328422991137,137.056961844165
165,3.26176471764864,0.0558744824436052,3.60327295002703,2.85189153800792,138.757969783738
166,2.0816354845828,0.0840329344079849,3.5346868845449,1.73212188544052,139.234573713524
167,3.33506588180391,0.230563956252347,3.09846812472927,2.05089955114665,139.243237100196
168,2.8708873289836,0.207736854940741,2.62090635238687,0.639017268062481,141.089861968521
169,3.15060154666238,0.244946358988451,2.83726253787601,0.568607432032147,140.764276285265
170,3.0335237735236,0.35681211587384,2.18482798974111,0.835931828193305,140.371154142183
171,2.81528593586398,1.50306283490049,3.02931119557837,0.645638835410173,138.215034739629
172,3.51255367795282,0.544510935490885,2.59130257896732,0.64295508009245,140.001888207856
173,2.61995651905581,0.505681716551342,4.4019873285147,1.70181572694051,138.847567247118
174,2.2073192368119,0.349308324737441,4.06558156730586,0.484588674988572,138.128573568427
175,3.02497203626296,0.0587582282043566,3.24651268353817,0.333124458107793,140.702717358459
176,2.6661750278021,0.0610685276075807,2.77467757625632,0.353123865169842,141.393560248978
177,2.29473231835005,0.0446112531492906,2.57665433900321,0.302747171586056,141.082070123516
178,3.11132003651887,0.0242038897814909,2.72763172635553,1.99924334024092,139.441664344668
179,3.08910978536735,0.351939667059843,4.88703357317377,2.46080496443472,138.679970226401
180,2.97167842275422,0.412053040812038,3.17745531827218,0.511765412379034,140.545684243446
181,3.06019198670736,0.437963303836867,1.99740116564762,0.318106726231728,140.724953216802
182,2.76111141846026,0.174790081094567,2.09849590900747,2.19695140158083,137.792901980182
183,2.62484701285306,0.0660001589545905,2.31436298523255,2.18291172229626,138.598636642732
184,2.71694760707294,0.174579276244282,5.70389997454738,4.64624200470527,137.961304472872
185,2.74517371665148,0.315884711663139,4.76811767581452,3.97189602331312,138.312123437464
186,2.80112297867982,0.117345501090231,4.65917381426388,2.98938386752397,139.264353148444
187,2.83677152068168,0.306748883481416,3.81747108647293,1.44553956420345,140.01252706992
188,2.05520311204638,0.651605603144956,3.40782906564349,0.883625289376157,137.525574444003
189,2.15619189879931,0.122715506463695,2.94057127949937,0.297067225413575,140.245936878299
190,3.29876828506097,0.551935915054991,2.583227686166,1.01692382386787,140.050875733221
191,2.92615022282512,0.475145668291757,2.93420872904349,0.123136097638993,140.744416397366
192,3.23742111633835,0.138036263211673,3.56832543664376,1.6591406470369,139.830465921166
193,2.66233858641143,0.318128904142241,3.46404887402891,2.02543855475886,139.852446577651
194,3.12691256758264,0.774090403341455,3.01095868626406,0.0119088603533197,140.215440980286
195,2.36240596383903,0.554711525024369,1.38061262532496,0.886672845892548,136.91136801166
196,2.36111738589802,0.355794010027667,4.65905567926671,3.50175351734691,138.051700988991
197,3.14877795876948,0.492571744181063,3.92022817492274,0.108078718774076,138.940915629693
198,3.34370482997747,0.275204111043507,3.95529552543884,3.08155918860307,138.464127019925
199,3.88927810431505,1.11392612532818,4.17927258174389,3.23744361837057,137.038722595617
200,3.82148637525579,0.24030368008822,4.15619668975021,3.1381564460277,137.064939267021
201,3.08280246514987,1.30787647597232,5.12939428085184,3.7537029516036,136.88850179595
202,3.85737911207418,1.18168070079832,4.97148549074355,0.946625985719237,135.884893878405
203,3.55958429624074,1.32836243538497,1.26337477096529,0.819600179548369,136.149578501259
204,3.30999081241588,1.16210073201906,1.74171537509696,0.172462573801558,139.566362473839
205,3.43520480819914,1.06652961582697,2.81692714086457,0.528729606825906,139.820531713351
206,4.23478215230526,1.88865491728635,2.29496471603128,0.686352499520701,137.978711902833
207,3.47347371058246,0.265505325906659,2.52353199949711,0.674198628018365,140.073024254568
208,2.56723527497964,0.107813882665085,2.22361925097794,0.0118666274566985,141.595706632121
209,2.21367431035985,0.178721401850708,2.65857964196671,0.354869313973449,140.465737898101
210,2.41691644752617,0.267362647286464,3.00464927058948,2.03608005842651,139.388563293688
211,3.38782946358487,0.00760470100268398,2.84716824708068,2.1077183857346,138.780200184431
212,2.92145407433252,0.0131761534818553,3.07997494553418,0.186955858253726,141.05592820517
213,3.23436194791064,0.0465157374940609,2.01181368483683,0.205798862565158,140.823024068618
214,3.61760504862655,0.231247616616902,2.18030113582705,0.356540791278077,139.802047835129
215,2.78505256730952,0.338754338840444,2.44881859664748,2.03480963947351,138.884181025845
216,2.83191083370243,0.0235415889201317,3.82021079040529,1.67728161393177,140.298243558787
217,2.70866116326492,0.0408239023391421,2.93415103873918,0.630323106466046,141.23585304997
218,2.91053032894212,0.0236782212705215,1.92688443415684,0.0748715350227952,141.431182542346
219,2.88593322630013,0.0974247007324399,2.90020928475198,0.97979846480567,140.940904364362
220,2.75698468605274,1.01770191173646,2.76873473163487,0.985319766722535,139.309417841673
221,3.61243336668496,1.98961909939705,3.47068816666515,0.325650264123806,137.749758842407
222,3.74274297132714,0.973084088427981,3.25069392214507,0.899025329214206,139.03998913355
223,3.70441920117625,0.208322568327481,3.57478831902079,1.41677152391806,138.649536009155
224,2.72022544362722,0.217578798588287,3.10630419482064,0.831777609942183,140.825778964352
225,2.48365727256367,0.0351104206311829,2.2906465424765,0.269348809710433,141.458614597685
226,2.78135983614265,0.423521135343843,2.20655363785493,0.553134917801279,140.714473161583
227,2.90117997720166,0.347987815812016,2.99402919682299,1.14934876970317,140.542256197039
228,2.47242164620577,0.467826413103864,3.10242662906112,1.01925580394198,139.958904149091
229,2.38757928839562,0.436395356240079,3.4984187539376,0.984512185736085,139.535844369112
230,2.75202020974934,0.00460490141006876,4.15756078351324,0.218943550219544,139.262804218072
231,2.53199287526789,0.73315406126675,4.03332718051596,1.38879811457274,138.553062401539
232,2.40058192732855,1.04802313386571,4.04763910334251,3.55602234354831,135.878050589289
233,2.70918857871867,0.145134981628449,4.13671312203106,2.46092086342994,139.723652618957
234,2.32029253129518,0.155306232755288,4.16327075014727,2.24083976677807,139.281918940816
235,2.67952304884127,0.514395263772232,3.15881131907748,3.00005848137479,137.940004451094
236,3.10781271318517,0.0195812685873315,5.53612797524505,4.34049578441383,137.98750117106
237,2.41560482091956,0.0579842341786832,5.31149296443136,3.32814684918624,138.569277916097
238,3.19202337076643,0.41497390419999,2.91542563737264,0.213767538249474,140.630305496111
239,2.28480011867749,0.434182192589061,1.81944618971379,0.945393238458233,138.483222659785
240,2.22291240811453,0.143161243101756,2.29830779688566,0.733291815710321,140.222029205082
241,2.85055802345812,0.903110949917701,2.19272283713931,0.79170768338153,139.58105784511
242,3.10515540690828,0.177598840056535,1.96290101841295,0.0385229288437007,141.158646627519
243,2.68382251896945,0.260550791862609,2.76654207586289,0.513161559677915,141.046752038192
244,3.0709602398171,0.149841273373266,3.07422236947334,0.531286061537518,140.778909530677
245,3.32797354954075,0.609489066500054,3.97885467418061,2.32932544794748,138.97210845078
246,2.98972114837632,0.585199517884556,2.95943948833019,1.84047542553664,139.560956629522
247,2.95627163199183,0.107553543391655,2.15590712216688,2.12537174107121,138.121489093318
248,2.30866376822375,0.122558536933384,2.39512692336699,1.48398853343044,139.580579366827
249,2.583413919029,0.0306028259822132,3.4869868064971,2.41907553359134,139.896819208125
250,2.7402338834393,1.01141600223708,4.79765339798821,3.43611919546429,137.316811180255
251,2.93425787186851,0.852108374828057,4.46302225160663,1.59212219052713,138.39426887023
252,3.04868095644849,0.0764531721898475,4.34323181112594,2.48085073494712,139.43546510083
253,2.57096722575082,1.18257736900008,4.02410868741462,2.48720365771299,137.144168126414
254,2.28801223122229,0.952254288732206,6.54939103815387,3.61505347330032,134.106078600809
255,3.98774973400572,0.432993381503863,4.83640917895623,3.56369657481015,136.252132549035
256,3.85188532774028,0.825349936194482,5.64389844715843,2.98814988016189,136.201086752194
257,4.27403447030544,0.731645874375513,5.01979457455509,3.02163819284806,135.526928998553
258,2.20289729212257,0.261151120449303,5.90838978840452,3.90294022282897,136.949552262693
259,2.39524509377654,0.210959546552336,6.01786397178923,4.09200528433545,137.520905816779
260,2.56241663831929,0.0752310793457632,5.8616131948176,2.60389381492275,137.644311627518
261,2.9755416340985,0.728662648314935,5.88552431279495,2.40306773070648,136.588295994304
262,2.8930660781188,0.0304838452153407,5.63229362534817,2.54660521035059,138.041815265442
263,1.90646537949015,0.0337479027011277,5.54583906821782,4.49624119752882,136.350594208769
264,2.08985465260591,0.276233430902534,4.85569054306248,4.80478806909763,135.911052155844
265,2.65990704614902,0.188487920363025,5.64564577241473,4.81258463121945,137.805877505
266,2.79124797865111,0.135409811206603,6.00448885081368,3.52592842305224,137.913269904918
267,2.81434479854239,0.214131828562041,5.35132310603953,1.662018928144,137.727770150049
268,2.67689936809427,0.191950681697761,2.17850162524075,0.447177406288446,141.122915896407
269,2.81796651160039,0.916026156175622,2.76660354740438,0.582231103063035,139.91010811397
270,2.90769626700182,0.930263452414009,3.43085511845488,1.73789395652601,139.154310396813
271,3.06689950354029,1.43440183125632,2.366533911646,1.59051122041409,137.725331516626
272,3.3203643067908,1.11839792466682,2.57474888625538,1.21319681584367,139.257812068314
273,3.2753345396065,0.929917032437352,2.92228863624439,1.32696681336966,139.557189245191
274,2.26196124174259,0.152155173660113,3.71045688457335,1.28722739198334,139.679382460808
275,3.34089159326865,1.07779879079797,4.49987281867202,1.17278473437242,137.814022886825
276,3.57950035045041,0.555747186707282,4.56370875872941,4.11956897153157,136.963862002398
277,2.55038088451869,0.657543735797103,4.9349004600433,5.15884814691218,135.889609813244
278,3.06325053342504,0.0891733598970022,6.2933973223691,5.40182261551541,137.208664330636
279,2.83214432213974,0.522993470326979,5.84649934726544,3.02421210805527,137.387150596775
280,2.80031027642007,0.204821378085866,2.751589413584,2.25742375458578,139.207631622527
281,3.24747625766869,0.154509841778918,3.6351268908602,1.73685287130681,139.739652467194
282,3.07064251535359,0.992466250309651,3.29318391273673,2.2661391900031,138.654780555204
283,3.50109814282794,0.861388642068737,3.10194862103766,1.95106108716845,138.823256208192
284,2.52771359199182,0.754864408735064,3.70839025929732,0.346213689902846,138.614890964682
285,2.76013003597453,0.542922148079731,1.83046570161407,0.875973803917076,139.38558426942
286,2.94745763881576,0.507470496889639,3.75446190669449,1.01236664791866,139.787335206942
287,2.89917351756736,1.08820843217713,3.24498223813692,1.24663188264083,139.141177775232
288,3.77608917733879,0.13150140806708,3.32543364902369,1.52191105107097,138.422542816776
289,3.26046895429288,0.854893838914917,3.8893810687507,0.339492375036447,138.733828520818
290,3.051902668052,0.0570289187580665,3.43224579575377,2.06664218329951,139.947193430601
291,3.60369836139762,1.41697985169087,3.68191676925949,1.1557602103254,138.48735650303
292,3.4163595288785,1.07319465987416,3.69051066163751,0.36376696968175,138.775962273641
293,2.81106800454208,0.0180327303388242,3.85103488777162,2.94406709207953,139.476458532715
294,3.06019484484781,0.0136514096446428,4.77307390198212,5.01596265580382,136.978689367936
295,2.38591904710825,0.293329715207816,6.12244452693469,3.0518414726222,136.782227603414
296,3.42283163705342,0.195931101172582,5.7793696354761,4.70177849087213,136.994080532517
297,2.4571216680683,0.927043928111224,3.53182072753292,2.24004872683928,137.759073228312
298,1.81745175916616,0.399483876810162,4.27601835810008,1.85309878131204,135.999020925703
299,4.19211644871458,1.31675568784245,4.08538406106146,1.49297498162247,137.078944104985
300,4.09521176979491,1.53954865099021,4.34524709599587,4.37918946090975,135.082283554812
301,3.62226790592279,1.86887467378064,5.37801314024812,3.41463116959646,136.079771147845
302,3.6559100979386,1.90547793837277,4.93447618605092,2.91310571194104,136.46501112622
303,3.31234804857399,1.46352079459572,4.73264076530832,0.441410809180668,136.034044406589
304,3.36694978198659,0.399745944664325,1.90714047888487,0.370840403650086,140.138233070628
305,4.1569966399552,2.97587133838044,2.21783236757692,0.254767487326592,136.98841891434
306,4.91374972934651,0.315593612044915,2.91005987119969,0.0581682986420035,133.980728227129
307,3.3505929614309,0.711611348643884,2.4951629242477,0.0162495002126351,140.573440516529
308,3.45934152477752,0.0107101221539553,1.96349064732421,0.210879509144714,140.170286294513
309,2.72607891648406,0.227707965237794,2.40638784446334,0.141238322953051,141.409657846303
310,2.91947989203685,0.0755904146898413,2.47552448748152,0.73261979975886,141.077714627049
311,3.03179654434214,0.168884873862251,2.71176778117175,1.98579156625897,139.488733263936
312,2.58674417589898,0.340951285892218,4.82248692801348,3.72079867499582,138.356378600607
313,3.45269847258119,1.09168275551019,4.35749969619618,0.786925196295309,137.727366030702
314,4.00619340675747,1.32157827182445,3.32456635596471,0.82960470805322,138.35086594401
315,4.24654997969183,1.62336918440494,2.62116941036241,0.83980076826514,138.052697345167
316,3.75779495421371,0.289804596578303,2.58152013381716,1.27946575025795,138.638752072106
317,3.48853195166576,1.68305521294879,3.6803576978129,0.830610224979528,138.096453737983
318,3.51793914170827,0.270419746927862,2.42626251842154,0.331116350096448,140.205546307814
319,2.64055607556344,0.210256792041262,3.25433325856865,0.179451541701069,140.653253126729
320,2.59771312705751,0.140396196324731,3.07048007892277,0.246529088931028,140.989763165606
321,2.22735106915284,0.0712363803979961,1.65327607177145,0.317228028858449,140.018035308859
322,2.78214741106827,0.640952798063475,3.16454811798694,2.31048416287428,138.935459736209
323,3.41927693154768,0.401845569660738,4.07452601076246,0.92400830441326,138.803225305705
324,3.44719357703476,0.0200331172503786,2.55657135850455,0.434568690787423,140.268779479573
325,2.77833168910784,0.0876536183419024,2.52962916772544,0.114859338096647,141.569123190921
326,2.56506126811579,0.0936760867908494,3.00543254586992,0.66194403842253,141.051816810077
327,3.2263592304432,0.200241644624,1.62890340456454,0.299414298516902,140.02595968535
328,3.05602160185105,0.0920930082549621,3.30959774153592,0.375450609216172,140.562714058677
329,3.85512848429226,0.753270761094571,1.84559364607472,1.19332489285727,137.361462645802
330,3.17422178085296,0.405766563807295,3.98240797545829,1.98381805895393,139.451196097046
331,3.00852130035981,0.962426245102243,2.76877000439811,2.84167168373055,136.969373093935
332,2.99461826576788,1.20059069843147,5.24988906081974,3.35654521896535,137.061828471053
333,3.85686394028045,1.23116129571384,4.84910901888296,2.00226049487099,136.922358779056
334,3.38293695050786,0.0945115309602642,4.25856005816554,1.94261122999621,138.893961098758
335,2.05817800035809,0.255777925230249,2.43318511479319,0.73453896169768,139.333414299198
336,2.82324068469245,0.791207176644702,2.36071668427076,0.787307639578372,139.944785717418
337,3.30052124444063,1.56663150313579,2.17818487036391,0.191117610679375,139.336546611631
338,3.67495477086104,2.02497312718917,3.03708940057311,0.0724409909800271,138.268115731942
339,3.47490225613984,2.11635072096224,2.62150728787599,0.198833271417859,138.290332407526
340,3.63946331069553,2.41209712523414,2.26371015689168,1.19564345838692,136.671397025963
341,3.63042135528422,0.708286429660392,3.55539729523536,0.841872946569515,139.030437954836
342,3.34790660379121,0.0938769630435688,3.22025236706436,0.784436034702908,140.079701616919
343,3.69381219288029,0.763504726283779,3.79467666713841,1.96342463460812,138.490694197428
344,2.4257254940315,0.879437547679425,3.4486999426449,1.60488608508404,138.256550048403
345,4.83327189124184,2.84329051567197,3.70795162526755,0.347776278509123,135.534274535538
346,3.76406184750965,2.5684963062619,3.87727109545481,0.209101224564825,135.834024583918
347,4.19664993781532,0.199115816901745,3.47222653124686,0.22239721459235,136.699140670608
348,1.85987114508887,0.160858839651288,1.04666274911232,0.0143833022051449,136.273751043936
349,2.20215729872874,0.34804174656908,2.87287553089621,0.00835227281469028,139.852120084096
350,1.73735070150811,0.0193232710914859,1.98114830528909,0.0746391209338455,138.631620137015
351,1.9981060402463,0.00737802995384562,2.03789890197128,0.207046858962011,140.116862332083
352,1.83228595984977,0.186368557009322,2.20612421803391,0.66165678128539,138.196430433904
353,2.69407254363247,0.08304217866934,2.27200356546805,0.443834923850851,141.348659217888
354,2.4742652849759,0.963400710623634,2.54836909754765,0.519813078767978,139.013373932598
355,3.0793460756721,0.78211200133243,2.82959744481333,0.639651039233571,140.275580566853
356,3.06845300246595,0.321603410501615,2.78426697990793,0.165846928426899,140.968429815779
357,2.32829878783742,0.135178242788336,3.35742559897245,1.02389032679342,140.249150374475
358,2.58571382968054,0.0313501589718084,3.64151505457921,1.93978638586212,140.304149285574
359,2.3341584383144,0.204504508738775,3.10326035153202,1.80602821352072,139.677072388311
360,3.18155070217419,0.089786022469447,5.02067545077148,3.36570462807954,138.493061281969
361,2.13642146077383,0.022521644500285,3.99402797729838,3.99787288735316,137.240360309707
362,3.29753617883542,0.0778172453146865,4.85275409922828,3.94750166616449,137.937123532822
363,3.50973361815455,0.36251337849521,4.58687943281416,3.10010033443372,138.055485952244
364,2.13682331140507,0.211790430454919,4.15451489153864,2.67315145404365,138.350811017183
365,3.77021756268264,0.963768459302411,6.28400374076732,4.35302930208787,135.91636890999
366,3.00812850487704,0.482632487725935,5.38759824292383,0.643519838530761,136.016755291294
367,3.0689203692453,0.51680854689238,2.26802462519943,1.06623611256909,139.966466544466
368,2.88182497247659,0.605176759758716,3.47431187624482,0.407507076450399,139.882409639244
369,3.43737379908842,1.06942441987232,3.6088155315349,1.35813673413039,139.040124200794
370,3.79115634447226,2.18309651076066,2.71353538164638,1.73059232349064,137.039402450143
371,3.09235480183844,1.15188650304107,3.40691065153823,1.0309503837264,139.180416363108
372,3.11503987323883,1.0088721847234,3.3779898722615,1.94504570113667,138.997863213278
373,2.04061955275741,0.523843320613226,2.46741552099521,1.50822150583448,137.36250869776
374,2.15913603527411,0.262892251180145,3.01611199637556,1.61949449303897,139.115314543438
375,3.00453255530457,0.247054186025995,2.59497921224793,1.79962480704944,139.595838396923
376,3.25396073488622,0.307217784782094,2.63696654701294,0.292317608276657,140.772229697775
377,2.67458751669999,0.382720048070929,1.55138145835526,0.488598182118353,139.565066184726
378,2.62260177135092,0.186109879180407,2.17375094191284,0.863213072030082,140.571552398137
379,2.70515095829282,0.130708421217017,2.42619323812657,0.471345500320824,141.316997739033
380,2.63525725037803,1.17363337632788,2.61651789808127,0.672560282500745,138.800159868697
381,2.62584337793013,0.238135319146985,3.3358320049764,0.557769829911014,140.554230944379
382,3.19499907341147,0.511698320903893,2.44776552438945,0.0508459389535853,140.915598367642
383,2.54317534094608,0.724099222473807,3.08813254345585,1.63235663963222,139.068281504309
384,3.48700088776836,0.215846645346253,2.38195979173426,0.230736554467327,140.347273188189
385,2.72557278722193,1.45836608937252,2.88867860717338,0.515374050334892,138.208785041428
386,2.53539360298736,0.4597127287431,2.80091329216342,0.0832734977536511,140.573980521362
387,2.75409626784649,0.165142591199786,2.44543961664715,0.299703572152937,141.400082122239
388,2.89107172622071,0.104224838302551,3.60939251783534,1.33273224400533,140.419578584766
389,2.60860643118708,0.161247473975217,3.087860434788,0.594346186056437,140.926658654312
390,2.65337053131277,0.500728623267168,2.78713036312893,0.420289114214682,140.610598531891
391,2.99771077557311,1.0411143389048,1.9918390654731,0.155756074196377,140.02698806847
392,3.38823206058637,0.943197338982618,2.38776706363706,0.598209488328409,139.958647839348
393,2.66847622496915,0.613966469015819,3.06169381770836,1.92738380443936,139.258607795211
394,2.98982222210069,0.766282207616182,5.66686260568494,5.57500315452272,136.222811232152
395,3.02336143228728,0.967964772606021,6.94952147937134,3.28644356077914,134.858742126083
396,3.43834921431869,0.895867580831908,5.94253403025558,2.78787501968271,136.368717297846
397,3.49260133774626,1.1375103878678,4.42313935824353,2.67809879472014,137.986640290914
398,4.16133530087267,1.75527984175299,4.03483702979767,3.07611537849102,136.416375638733
399,3.82055596837808,1.52845769637807,3.44309955308698,1.69299700479369,138.182720889695
400,2.75924231768569,0.790311416905216,2.95495272594606,0.600642999162874,139.99527719027
401,2.5130588047827,0.775371391288605,4.01815087937401,0.682610195676876,138.145426531721
402,3.53095477469821,0.569462115322634,3.71809924504599,0.0880042194826762,138.698279091374
403,2.6795652305002,0.105924860565505,3.03958360033071,0.919733278887118,140.97809764814
404,3.99281693690952,1.99433229133763,4.84828081040956,1.27201274449683,135.701770363531
405,3.09550243257903,1.21467748411813,4.20339081123144,3.31034811074276,137.489437362008
406,3.24104390326681,1.95124267813984,5.03095193818582,2.12460850196826,135.680891025047
407,4.43480125732203,2.11219144169404,5.23027638475928,2.5153939042426,135.121102597537
408,3.89297610864239,0.311616164314814,2.61652159767633,0.356206035681915,138.98139161897
409,3.35729561267396,0.252217151174097,2.73374877809492,0.541720753531782,140.428202361967
410,2.28840972264914,0.169662974489324,2.17618885104827,0.719651433126035,140.242520547887
411,2.56153325782436,0.297969424597096,3.38827693531934,0.693625063925111,140.322474485536
412,3.03520167853126,0.231204016430154,4.49485082442509,4.11739560532894,138.009888059572
413,3.09529223510858,0.679784679605416,6.1665124158871,4.33035061903063,137.107935483924
414,2.91989872602465,0.644575837598265,4.87814349201783,2.26422002605249,138.361673519315
415,2.55660419599823,0.166075761330398,4.60846862740939,2.24690874896328,139.260772692273
416,3.14990180412881,0.557274899404416,3.44413254130978,0.786261670841834,139.98877867268
417,2.40666675917134,0.539694546218955,1.78379061258834,0.402576418634451,139.471272961528
418,3.81026915458212,0.635655744254756,2.05734900144078,0.69502577061585,138.819639287398
419,3.06159047197612,0.279610968684669,3.45848527353941,1.25627563759699,140.247451872625
420,2.9822693675392,0.369147685655036,2.95308292387428,1.53692332591716,140.157285287276
421,2.9023440644023,0.742896034228568,4.13958541794114,1.23837424763369,138.929855746132
422,2.9181483283542,1.720609163776,1.69695142186961,1.19192244903418,135.726739146927
423,4.68737051237173,1.67976134655849,1.67350417959633,1.30631613889671,134.37232951406
424,4.398139852656,1.93969891853965,5.30859013585553,2.4566598488634,135.106688738643
425,4.21186713178132,2.77423441452732,5.13081689069815,3.64432869878459,134.707941848416
426,4.29075177934442,0.41576612522744,5.03619143765744,3.59811231223086,134.918218366721
427,3.96473581811336,0.929962097558696,4.80594537092337,2.11934950957883,136.809097936344
428,2.83142430847586,1.05225177102279,4.73714771400145,2.61962720710937,137.682306190435
429,2.87697881482302,0.27851088279462,5.53622965556319,2.65198009204453,138.032581434892
430,2.84866211842372,0.898829175123695,3.29111748359351,1.85272553270604,139.068713880491
431,3.00230152000677,0.672668940429841,4.07484181174262,1.63333019078538,139.235797295938
432,3.84235000453314,1.32476652633047,3.35326338389844,1.25120669988096,138.541535920084
433,3.85929499157745,0.946211481874871,1.94488570683655,1.21328153660571,137.601700822821
434,3.06179173555029,2.98999846304215,3.48753394733104,1.80642015645562,132.911362462018
435,5.18722782113305,2.36634345222514,2.52896472233353,1.63618785264541,134.620752265479
436,4.87865590462623,2.25246774436091,3.53723202661172,1.3099141744571,135.966194179418
437,3.02760278337544,0.367355642280242,3.34165746454072,0.792253440832577,140.378573979952
438,3.5057155343112,0.999017659716657,3.81695163169233,1.54692018290571,138.823037220074
439,3.4501380999876,0.231883470474483,3.28929212657742,1.73704321010578,139.350059729061
440,2.93676802819361,0.419406514145163,3.7331849682605,1.72775712509473,139.8661495074
441,3.31882545574653,0.392798181618554,4.5163881719563,2.00698192075337,138.708445175066
442,3.12369987782647,0.0235832095973521,3.47940459321871,0.342818051727591,140.220840247619
443,3.06036217730793,0.433402444272524,2.98361857213476,0.822669839881755,140.548916051369
444,3.05607402046798,0.169738247431413,2.38932213367346,1.41879338793155,139.90833539348
445,3.27782300579591,1.11965509139646,2.78676858878297,2.69942296653756,137.126812338583
446,3.42941979050834,1.13652910613278,3.05284589151985,2.7763316829792,137.376376935265
447,3.55793979782812,0.54631721443061,5.50772077529635,3.53947575549073,137.196118680678
448,2.32977565083006,0.644793731203138,5.73653601634707,6.23643419946383,134.320744822982
449,2.78757882545952,0.0970586474420344,7.88148022881523,8.06295771899553,135.253344292984
450,2.95646494397117,0.0292458774198576,9.6774220630674,9.88147321875257,133.956924489565
451,2.58476115306039,0.397719045960906,8.93101115544341,6.46344256034916,134.626500647893
452,3.42671086961084,0.263657585456528,6.16143188890897,0.344065323386616,132.691894167713
453,3.42121156913,0.69574736591226,4.49252492816033,3.28873204970082,138.053624875982
454,2.52529801780799,0.512479877525646,3.86069639565792,0.869597387895838,139.196015907063
455,2.9826049168999,0.0407994992198915,3.18969275026011,0.85902993744393,140.807360037577
456,2.2461954303393,0.00317895376440892,2.36436339345036,0.698171346568329,140.723771596424
457,3.30157776238934,1.60105278524204,2.55744442831179,0.621993614428901,139.013639817417
458,3.53415528730265,1.18837707007082,2.76371735303418,0.338136961420859,139.709393710815
459,3.1130589648465,0.455926526863654,2.37529988834072,0.261035508335176,140.934823123891
460,2.62352132171979,0.197490006412885,2.44695942962337,1.12387412860221,140.51294278421
461,2.92553111029945,0.29162824517798,2.97276643166471,0.922233438002904,140.736821749745
462,3.97136849502642,0.517112499711018,2.00090633644865,0.019333155648569,139.010184439524
463,2.82977135216636,0.197710902055314,2.72719569344383,2.03181438433282,139.561092391487
464,2.55923238582784,0.0926659995683522,3.86933552241089,0.28550420039661,139.766987926334
465,2.17805767924713,0.294931029263257,2.78046779821723,0.50100792560313,139.893862340632
466,2.20926951699523,0.600135962781791,3.2734566719798,0.342386842723431,138.632709297143
467,3.06037584870636,0.836374707506602,2.3705145158311,0.0922418020099923,140.606428114931
468,3.08255387400207,1.11159321346266,1.69488918433594,0.220686254930149,139.427336756121
469,2.56990232742796,0.283526040874388,3.17775912916328,2.10573223070411,139.648847337256
470,2.986590273475,0.616625816813185,4.03033941912575,2.342840286879,139.191235318595
471,2.65805797348482,0.594778151931822,4.2551446263382,1.83152468145334,138.924438374289
472,2.67502152300625,1.19095645600541,3.81521063332445,0.863301161538748,137.852912085798
473,4.16026423874911,2.20968700247989,2.21944154405006,0.138959387282738,138.306972365989
474,3.87833693189086,0.453246437996776,3.59485994091871,2.54393605038053,137.458615138521
475,2.24144110909027,0.614266598408427,4.15917552665353,3.05575982491882,137.251266315978
476,3.3359882207223,0.0878757048763034,4.47693430928105,2.49716001907989,138.756887908859
477,2.55253793100183,0.0404544863771228,4.22348559910436,0.477760586339973,139.26242401132
478,4.04773231827222,3.54432892563588,3.7224093601878,1.54811134942733,134.234624330411
479,4.31005660323591,1.28705107780148,3.44726548114859,0.55834282877425,137.411649954751
480,4.15971983913666,2.0076275105244,2.2359277131841,0.246143517853135,138.415001383214
481,3.19900732012044,0.589140645099988,3.04587779703257,0.315860703299198,140.349500321101
482,2.93665674322012,0.16554148786193,2.47257185915682,0.679145685409454,141.033640789492
483,3.02835395901808,0.828851461577415,2.50463131216557,0.382130337807071,140.421718016542
484,2.84497242593016,0.464954346647483,3.00392003551735,0.000390188847838819,140.658374712113
485,2.74514209898969,0.830839173280295,3.30492507990287,1.81635327222096,139.098549706826
486,3.83147060172644,1.08002844593346,2.45117015893627,1.32462031283849,138.388096635307
487,3.19848838002031,1.63391326741215,2.82159740794002,1.36485123621176,138.241933666107
488,3.01547372280272,1.71337133514506,2.99908438363067,0.0380391891103403,138.194796300295
489,3.60898287949952,0.208558788019231,2.93528930689656,2.28056330784991,138.030244329262
490,3.77207930276952,0.371891681190609,3.68674461768431,0.52390408463474,138.308741581736
491,2.7816061539821,0.111977072506815,1.83467530774181,1.21543253460945,139.349897675665
492,2.58047147788728,0.328949740338356,3.71121131899436,0.145844167091659,139.579229344494
493,2.64087543154986,1.82905255514721,3.02635374466547,1.97238653496761,135.438931164973
494,4.50994298539906,1.58921264901389,3.50626288924618,2.0908235927397,136.426147402349
495,3.42635479784508,1.47995868074221,3.41121655091879,2.59297472375051,137.610851396207
496,2.67892967156966,1.05172098683537,3.72598290927265,1.05687062099762,138.418736837348
497,3.23406660751738,0.984977844829685,3.89691334038812,1.34757871571661,138.964415434299
498,3.90458234313851,1.6597646538915,3.34368097589663,0.149059620148565,138.22413237209
499,3.46328847944945,2.22384271026571,2.81524600072375,0.79220653213569,137.657464126854
500,4.24076298994443,0.739487389565043,3.26518554114107,1.19067094251618,137.401572894268
501,3.40778262124398,1.0265397210136,3.26973468313734,0.524190888833152,139.501203205707
502,4.02265810809246,1.47787457880047,2.53588801922292,0.0660972444792528,139.034730611428
503,4.12121372814183,1.49582442122923,3.03030336886609,1.50451750729375,137.85595649822
504,3.97641018182201,0.841074906787948,3.86555235432186,1.23954562802363,137.811886779913
505,3.73321084070543,0.740021705396194,2.57459168762218,0.884476142247844,139.269702634062
506,2.71017397155723,0.965864816985367,2.68920036747289,0.731995484631065,139.525930517823
507,3.38624902199797,0.397581419924209,2.80897268413718,0.856811026201708,140.142203932064
508,3.77895285748713,1.05716568170161,3.35850555448952,0.92458197216454,138.846897134742
509,3.87474613083265,0.00255578817461526,2.2487685154543,0.030563870254284,138.993031320727
510,3.39541755998199,0.799029866032337,2.28200502863014,0.137406135330604,140.425538767768
511,3.7471172798321,0.329031487605635,2.85233983144179,1.02453044215509,139.052191406767
512,1.85348700244557,0.37176135835855,2.64785328806023,1.21284111246701,137.323771715447
513,3.8650210629099,3.0516755763469,1.56833011140546,1.51517330641812,132.579966463504
514,3.68271525692899,2.5098865096015,4.53222971204593,2.09484060931069,135.644459795502
515,4.38747022698675,0.53233743926393,3.26188225114476,1.10196922750766,136.598469031099
516,3.87409668979778,2.25220637536531,1.49291011021335,0.578114341252019,136.420562614892
517,3.81890892386752,0.490268180651021,3.01934195040491,0.735914149459747,139.001092271564
518,3.47406258013925,0.44825039739952,2.63981664987199,0.873868738540545,139.92500412901
519,2.51488768955284,0.380241038104914,3.43132742593241,1.45353172261625,139.901479247591
520,2.90098581044197,0.265841935573912,2.8977713252855,0.166084635802405,141.04314004803
521,3.00649686426151,0.149682254827598,2.37993078808423,0.353562869619833,141.224747736298
522,3.01415247489477,0.376260338551105,2.4229839045281,0.36187731308372,141.02157843831
523,2.65549971870904,0.598260656153577,2.25544471186715,0.28312424311488,140.56160228125
524,2.88394629268321,0.0659422053025859,1.87168504122521,0.578233108380648,140.645811637886
525,2.91787524004902,1.15103541094529,5.05803743105834,3.03722671342266,137.265788694362
526,3.09301243481095,0.0185237239031664,3.59424034159491,2.12564923228,139.854400405205
527,2.72936421313264,0.692954398836904,2.61305040282494,0.292971372594383,140.453546293643
528,3.98890422467441,1.59746260618304,3.66520167516198,0.823574748560394,137.872320268498
529,2.98945013063386,0.698587531422546,1.88229872483262,0.230995729682574,140.390096360621
530,3.10359878027145,0.482018108749615,4.04893209639325,4.77390013405715,135.968844251621
531,2.77169045403719,0.208655902462012,7.69298629377401,7.74396126166648,135.404173206199
532,2.2358310153538,0.222271344485801,7.71639774766936,4.08268767750221,134.354996040437
533,3.00248655543489,0.890631233344832,7.64163375959473,9.04301016625249,132.274516123911
534,3.00865035198108,0.391453855393852,8.92839470577005,7.29870552136827,135.071319232921
535,2.92710575055571,0.431448726590069,8.41422875037652,7.51151479476564,135.334887108647
536,3.73898963320157,1.75710453111654,8.4012371397075,8.86193736860583,132.110213974092
537,3.51317435937266,1.8268408860298,9.27607811303178,5.93704113658489,131.63671904056
538,3.53556283357677,0.906888886739065,6.94764384222371,5.89204817792466,135.591224709379
539,2.73472077993003,0.566168009453659,5.99438196443032,4.25235720200999,137.324013138003
540,3.31915901732562,0.827998678887634,5.53443905142623,3.50509294945275,137.413157023606
541,2.92755584615099,0.089209421650532,5.34146626393856,2.89886413276331,138.572618490663
542,2.73808810907797,0.772013612959129,4.77835760157194,1.78791333929259,137.918086547203
543,2.75565826929302,0.497885520165773,3.67076184619308,1.43887360056472,139.824903352524
544,2.83407575940692,0.463425851224779,4.11611599745075,3.92109203308843,137.792369299085
545,3.14067568546472,0.133373061295758,3.74999697109608,1.84603197682164,139.84269076902
546,3.26109648412575,0.349198168323796,3.31013569129034,2.01970008360521,139.488855108833
547,3.39726824037301,0.366166816953107,2.242989011006,0.130516093822628,140.621482863345
548,2.07833520998665,0.899532876038341,2.16129697672335,0.54615189761291,137.097141051121
549,3.59863809611134,0.354163156856218,2.48898787612769,0.261074801705548,140.039430666596
550,3.98551318615281,1.91002849998046,2.52095529298542,0.670886426739176,138.422813799616
551,4.06800368633164,2.38264155165466,2.13484887315489,0.327028452048249,137.92175888024
552,3.62014154151711,2.15699256800388,2.45594248324922,0.514303393593881,138.192012787248
553,4.28337213625749,1.19836507232498,2.80053546263086,0.172911245994044,138.169179090713
554,4.05376634500144,1.30101521464089,3.15161365711583,0.81416988916874,138.396666736512
555,3.93488749303143,1.34769584863395,2.44907553989099,0.581737813318685,138.94611297331
556,4.19127076207584,0.789692725337165,2.75922701221951,1.08869428595893,137.771450334899
557,3.63328678829629,0.0245148181747031,3.14901461787744,0.195018351277899,139.270589564972
558,3.1712135314886,0.232255368263331,1.90311701734499,0.0856897010441118,140.916153432712
559,3.42086020764493,0.218293974536694,3.37729666700207,1.10637235198288,139.711375527028
560,2.76312770853539,0.666168062274636,3.43555970313523,2.25528830048418,139.090268448633
561,3.34468888621393,0.945892348831415,3.10440331060585,2.25032740160812,138.553136189195
562,2.90702261280541,1.13408002784484,4.24039229895571,3.38921588092569,137.366865718645
563,4.34896714686344,1.84568632893503,4.51203481456804,0.180439683345323,134.949175313827
564,3.15399587321225,0.508795465160857,2.37543673941343,0.0632719785587803,140.973202028956
565,2.82392255739206,0.102406077323913,2.32271633589715,0.0793889463397301,141.603452918676
566,2.04916220893116,0.172263602010111,2.37505023687526,0.08002866496731,140.055860525263
567,2.28861113798853,0.134750085492358,4.08600899378138,2.58427749764915,139.130845759224
568,2.42493168215768,0.4699693321379,3.64136799401539,3.03209860025943,138.089918555031
569,4.58047598933272,3.44156998126523,6.89459662117445,4.46018318466614,131.857256853524
570,4.78794300160912,2.43522909408276,4.20563081737957,0.528601571530034,134.944299728388
571,4.83721292231484,2.69635751405996,3.21104092214152,2.54953340281019,134.911871428303
572,4.2060398485376,1.48247065816771,2.56967845578887,2.0921766378871,136.397426513749
573,3.13868241417721,1.79423184744981,4.03993237647959,1.66944860299394,137.124782010304
574,3.3098315242322,1.0637567572133,3.25716302951141,2.56253212347924,138.136557580947
575,3.93389300849168,1.26284943119862,3.47392184895794,1.35760716924006,138.286947713939
576,4.2065805912682,1.65497115372579,2.99838992421934,1.06280225839713,137.965737046477
577,3.25048644366589,0.325579069591603,3.34605494962432,1.06897574623222,140.083858003982
578,2.36150461968993,0.249056093748541,3.38805658462109,2.66418416686603,138.775541108407
579,2.63134342919267,0.8219549466717,4.34805377598087,3.27703154170952,137.72637023099
580,3.29030142155941,0.319014113874073,5.10925094701337,3.57499157285172,138.089859338897
581,2.70673195407436,0.217439823654608,3.85323469686659,2.73326775731747,139.461345986192
582,2.88065054474203,0.0113398093982904,3.24735558381753,1.42618739214004,140.67390050168
583,2.95165670979347,0.104731571585552,2.51333208771357,1.8485573743409,139.553189984667
584,2.40038969032597,0.285117337520657,4.34781435785002,2.20886422613971,139.026045816611
585,3.06538892981094,0.53005748941546,3.39334228011211,2.17344411144344,139.446850963053
586,3.3054629839708,1.14128637523197,4.51019483439698,2.88939343486764,137.953875053832
587,3.87639423137659,1.2131678569636,4.04394480532581,0.495278440286248,137.45639592423
588,3.98842412289715,2.70097507135335,3.70565438120656,1.11164581480542,136.387329576511
589,4.17437018134717,2.98578925070978,1.77134777914731,0.993645457664068,135.158073756831
590,4.1631319226699,1.95724182506992,2.66871036549299,0.107287898537353,138.443711241055
591,3.10704348132968,1.51921299780996,2.71509063112655,0.0635196917731031,139.168935003903
592,3.36274228101086,0.0711126343292545,2.3824674885848,1.22611430582349,139.609476054871
593,3.12395534165945,0.0783676644937499,2.47215007413173,0.259975107568162,141.155520238043
594,3.80889579965693,2.9860592768089,2.31167691413191,0.26996507413688,136.558276968913
595,4.00367126616496,2.46529108079891,2.67511227578579,0.749118565086238,137.609891218509
596,3.49640040860815,2.298596675802,1.33697584873251,0.277167206934744,136.074861464378
597,3.85682226287264,2.30298065527586,2.688966356282,0.841008786288016,137.803503755777
598,3.66016091385457,2.41245354148121,3.35384131193485,1.27388636865789,137.016467371844
599,4.41887707067927,2.20090840251886,3.02904236480909,1.67192177798842,136.855099570643
600,4.05334151049926,0.67739992912507,4.39160798012872,3.30511061778985,136.436686668277
601,2.04633957332859,0.481823854063138,4.28640106303342,2.69433095654772,136.982387191812
602,3.78162568118521,0.527390402130638,5.59649706006507,3.53168707379382,136.514075583006
603,3.38408069235393,2.10056110604276,5.64088952774998,4.8629215710116,134.621886498
604,4.35985597287083,1.49979877200946,6.26653340063391,4.8098154989397,134.4283654966
605,2.53755478441269,0.964799713941088,5.4236058368501,4.48143438254343,136.102062728697
606,2.65177478439933,0.231845081474316,5.42791909582485,2.63543842615227,138.224481846221
607,2.73701514932141,0.0640536159701035,3.19771574940416,1.78988757016126,140.42284718523
608,2.68516117311743,1.0746751633442,4.25036513813173,2.05946230720524,137.816612984
609,2.74811607267173,1.17061794266381,1.84039105779898,1.78453519248729,135.922517393038
610,3.52145052768557,0.356903340430877,2.15992831896996,0.49749645072351,139.933781162991
611,2.55043212718824,0.0101303974196862,1.66641900987893,0.0948230588301575,141.100971135411
612,2.39993308165076,0.0125149752430685,2.52146109671594,0.901084891648748,140.901235043735
613,2.2196008207031,0.0585044380740412,2.38948483309579,0.366791686775411,140.825745802537
614,2.6088015951629,0.0601930884167754,3.41258108834179,0.567736863650937,140.73457474809
615,2.78458565306824,0.496135546355668,2.78005704339938,0.416607745211829,140.75188305432
616,2.91772552369874,0.122144365391368,2.54810071378401,1.57687294323766,140.067011678288
617,2.76709671263099,0.00253568829868991,2.56452278100398,0.515782546266916,141.442887792562
618,2.72598537903003,0.0440104317740462,3.37678332840321,0.273997472782067,140.758216458584
619,2.88407659573974,0.34486280751449,2.29704474920731,0.0769293243211679,141.304653605409
620,3.08398306572413,0.685606644404912,2.01855771615951,0.153276885131366,140.645950403628
621,3.03710276439083,0.898392096041042,1.58781876135223,0.014613196629643,139.869427678784
622,3.33838965677569,0.662522753033875,2.06527216966961,0.0331248287407732,140.609897651845
623,3.32866690598555,0.719269180516194,1.54648175121109,0.0120010672491217,139.869441742484
624,4.10695059254035,2.95595305313927,2.00889141686573,0.610232367580973,136.38269437663
625,3.58372795499017,2.64178353188588,1.92457027455425,0.000301487027647073,137.146004067818
626,5.31664137075293,3.0360043182381,2.69290567081723,0.0665097108025312,135.851091168221
627,3.98738869789761,0.712127432467286,2.07743084629714,0.255457895044912,138.889185143317
628,2.72215699221737,0.149795230350248,3.46382449077626,1.50440702159561,140.468253578343
629,2.58678431810249,0.952948086780557,2.55681380084661,0.748243016428157,139.227810204862
630,2.73378734988905,0.875190677346007,2.71268475947697,0.421021272344914,139.960621143514
631,3.23534747744253,0.449107382931416,4.15997243931494,0.793085770949623,138.885721907743
632,3.15736379065661,0.388727961625789,2.19289286784425,0.361483921879592,140.793523113898
633,2.86097368913485,0.0328224985576294,1.94894012741981,0.0831857646334218,141.481584668007
634,2.36863018783704,0.147733924485981,3.39766329722392,1.1309661632635,140.256224830618
635,2.92274441181328,0.0286305726053594,1.61041018460696,1.10341283776701,138.822736789864
636,3.28025564776569,0.532827976417152,3.00967584926677,1.22538366562497,139.995938980278
637,3.09202438144803,0.399225636948462,3.40742861665676,1.58916893079064,140.009135407283
638,3.47177479576072,0.154935100118344,2.8934113400004,0.321632811546794,140.114428521162
639,3.44690821508114,0.267338169677606,2.75573642093039,1.46730045440735,139.448944807755
640,2.97951683167989,0.524623662344043,3.13182224834308,1.59848139611415,139.963446987058
641,2.67633523655361,0.72576163042754,3.14799796656139,0.443620276601076,139.861075203713
642,3.0941880178108,1.02721334942682,2.34236835266142,1.60655880175415,138.497238195304
643,3.83475135862698,1.73337335639565,2.6250391231976,1.90659701048595,137.282266188745
644,3.69482540231486,0.54532713345367,3.91798399214404,0.100449832037194,137.890123489766
645,4.14930161084391,1.22910928776747,1.36213106415248,0.0882215803528523,137.382977041405
646,3.14736993622632,1.3186809110285,1.81528966001353,0.235168315890533,139.285263531593
647,3.53606877980248,0.0878595947601662,1.55174031973366,0.389299243610302,138.857751832395
648,3.27507060173697,0.170450938001351,2.0318168725831,0.350718674376482,140.567529661367
649,3.31735221615067,1.16810257672305,2.57436211826675,2.01489755155293,137.982632476691
650,3.25536902307394,1.84178077427904,3.52338481295956,1.37664793231953,137.70360592875
651,2.52133393432775,0.166746832107745,3.96664997354053,1.7056692974418,139.892196718357
652,3.17919834763982,0.135893510141173,3.21823190086521,1.21649164277456,140.305658359424
653,2.91407543464004,0.234054974819319,3.63343643101007,1.06516533765446,140.27331816841
654,3.0317377315125,0.51320610402124,2.83157511763703,0.664166081566885,140.617771552347
655,2.90619655610696,0.772528403808715,2.64047615355003,1.51482200601544,139.397783588401
656,3.53735379677756,0.282685069386085,2.98690720698171,0.717449321422624,139.789968918071
657,2.72211304407817,0.00726019585004888,2.58602568054769,0.182436801961256,141.624124928075
658,2.99011010581424,0.302398595627572,1.89912262151365,0.0852006157154023,141.078067744204
659,2.73037109571648,0.819548533926378,1.9003108897854,0.0486815632970528,140.181257508937
660,3.4372975224485,0.717563943482231,1.58069769732867,0.176370656709386,139.528718540905
661,2.37409702297557,1.13067720927739,2.05865351825794,0.0895906111939235,138.250553854103
662,3.51437981675117,0.0465896842408542,1.62097626850136,0.248308412194432,139.359965142923
663,2.29930529227923,0.190735238667097,3.40443868440955,0.4632398861803,139.984074720563
664,3.42580711479791,0.540728944644741,2.97299424677181,0.813537173027286,139.997693494105
665,3.04504624441163,0.00702749209295284,3.51070783009462,0.414180401677972,140.340522363498
666,2.00654674078608,0.0127262781185233,3.83907142826595,1.17154712398147,138.979882744874
667,2.76760281058564,0.23561743267361,3.82021188875644,1.28352996002575,140.104575676915
668,2.78708044525234,0.00442427530101935,2.4079378441048,0.803565917593252,141.134085894494
669,3.34985456836281,0.665135706598197,2.9788825042348,1.74492355553385,139.330615545409
670,2.98190425572731,0.97277034071738,3.45533641355099,1.95535417934456,138.983823793527
671,3.23045163046304,0.919708822841484,3.42016596396966,0.114795101397016,139.409490312872
672,3.21606975758964,0.114843826532278,1.51871110076018,0.579730380885981,139.184572143844
673,2.483851322924,0.765781765520402,3.17314724305007,0.446272605409693,139.278953689354
674,2.09635677622814,0.114687645593152,2.52871697415392,0.367569717002449,140.244918039352
675,2.26493424430087,0.103054758348804,3.00490755267476,0.39420735987172,140.568854449843
676,3.38713031178987,0.0947072803698623,2.86802429558189,2.24694843031432,138.602043264956
677,2.23493628898496,0.013083985768757,3.66644281795764,2.64430877816472,139.210387213258
678,2.53080127580378,0.0330610491503767,4.30665897394387,2.20262277430612,139.771648354457
679,2.48805478366899,0.0233748645665606,2.88021665701908,1.97077710032638,139.969251925101
680,2.54316949781964,0.103267444831318,4.35926497706313,1.778403754552,139.596985912086
681,2.91244248770681,0.00677893400104565,2.75956307412778,0.615613633329082,141.23497925243
682,2.24115593197711,0.169837120062377,2.75944933442023,0.218294616335175,140.565756325061
683,3.15004804371441,0.732820869221411,1.59287163780846,0.200472766228268,139.800564211849
684,3.60609530769478,0.0947077259811099,1.90023000963238,0.2431025374366,139.627141738638
685,3.41432230436504,0.440231718128422,3.11261602379235,1.82222170741773,139.302562311816
686,3.24838736977992,0.124410843251746,4.59313517945234,2.20432999127336,138.855343385297
687,3.48707899902706,0.283182766054795,3.28860122380259,0.66369853184426,139.684872928785
688,2.24081742819301,0.307627279496178,2.5686782656965,0.410819633277849,140.200447409664
689,2.91921094512333,0.731056434366629,2.57460512494904,0.221094492306991,140.608553593369
690,2.4556149887787,0.0784820039811163,3.40343248957273,2.27494678043746,139.811126780513
691,2.75159116267419,0.0185212797027327,4.36479291951741,0.126534449584944,138.660593336477
692,2.90784423290042,0.748146304069995,2.76365915453761,0.00669816977649782,140.499491087518
693,3.49577581638659,0.401161152734283,2.8231812018546,1.5224421283892,139.309463875167
694,3.5675959692897,0.754293711607296,4.45559583649467,3.88898184378891,137.177079564946
695,3.49663746616585,0.795793548921652,4.96604431883932,5.41413577071261,135.415352100672
696,3.10735191729019,0.443959393136085,6.49949937482623,4.99832950490432,137.001684401642
697,2.97683612477977,0.480002804676391,6.48857112226957,5.18568524746581,136.995511722546
698,2.87443075000859,0.432485610436505,5.04620765637126,3.40609609901208,138.483727491781
699,2.97613239570717,0.447015979977186,4.70494785008375,4.41976491352104,137.579054728584
700,3.25910906212885,0.426692147035999,6.26345444608722,4.13335769252292,137.063912346947
701,2.89088551387077,0.668324282742397,4.94582589077569,5.04147471446779,136.53958764184
702,3.57520880186074,0.621967653863962,5.94736879673283,4.53910879220585,136.62901079232
703,2.53483220700819,0.428799326276829,5.74744211801266,4.88883127175207,137.145485694233
704,3.07047708464125,1.27110633896797,5.64341505639038,2.12037862143708,135.903223376927
705,4.36172760071413,1.54291493646872,6.17648679442989,4.04289925242866,134.555975385646
706,2.64225196674679,1.60293205320852,6.08077792306995,2.30656151953586,133.127301044386
707,3.86888787167447,0.615053522056442,3.15764516599992,0.201399959013831,138.808646199195
708,4.10648718411105,1.57569763673593,3.36611473354892,1.28600112753214,137.934480065183
709,3.97917586986205,0.474295486709279,3.24124630073931,1.55265858849639,137.949837374616
710,2.25925426792073,0.808955545250592,3.30359170674337,2.60025709950637,136.790417457137
711,4.01180113589622,0.599151971635028,3.06612714731795,1.08294335619787,138.252271652874
712,2.14961448424754,0.226675175929221,2.16996571845323,1.09350551140773,139.072245237602
713,2.55580751653055,0.115480170759459,2.23307178477274,1.52396151489395,139.646441685577
714,2.34022406199699,0.0561267246038456,2.54040207184379,0.852180796024888,140.758336128595
715,3.05475440621209,0.480139870405529,3.25106823650336,0.0215546412939932,140.245069939104
716,2.7784673941141,0.353375763660982,1.83167174258107,0.249737951406126,140.757008406628
717,2.63331316581893,0.194140121770679,2.50845237446269,0.174250007871338,141.375069044876
718,2.98661708010922,0.330731524734927,2.23086425346767,0.0278234134824794,141.304902056963
719,3.54436016656649,0.419122142352134,1.7344701558628,0.151133699047577,139.765620933117
720,2.23096031363467,0.241710072073405,2.64645360645788,0.415016629651718,140.328168821541
721,2.82446964817757,0.0525502666063717,3.03326788660113,0.189299405997595,141.160244596844
722,2.90577417938916,0.922582264405585,2.26177836634416,0.129357161821253,140.339654484799
723,3.10330029116952,0.406084881973017,1.96111556780885,0.90146628448174,139.788305936058
724,2.27385227267512,0.12447927534897,3.12246760865335,0.479234237381765,140.419381525153
725,2.57185109986475,0.307987136628126,3.23016132637239,1.4670297972044,140.199700636686
726,2.63637078196899,0.418637648341415,4.58650119327764,3.79890982961637,138.17673867695
727,3.31603447267307,0.903016995682412,4.76700674240079,1.30215341166208,137.603981232058
728,3.47215978103903,0.747392435581157,4.18364241455166,1.164164306938,138.511055838579
729,2.84572467579223,0.16418688455424,2.66575349070595,0.713407066152884,141.096051930124
730,2.71283729226642,0.507999360061951,2.22083396561717,0.0893413039133869,140.963399301928
731,2.49189741266034,0.551154898185712,2.5277905458982,0.888021792669083,139.90209359206
732,3.68257019904604,1.48560096097719,2.56292743665347,1.02252131890614,138.818051767807
733,3.5060457279496,0.326236772090931,3.17580790854304,1.58457765781326,139.332032527169
734,2.94257066783558,0.45805191005983,3.31339821679157,0.456259878782084,140.336764597438
735,3.05111644339754,0.0473305347316254,3.37463813445892,1.94583992203279,140.051389246376
736,2.71119075463481,0.208053262522495,3.62803662344805,1.29840995587889,140.327566255792
737,2.7794083621354,0.0691000384572448,3.85422261294182,1.15569811343507,140.256114983399
738,2.2850013422367,0.278680699353359,2.33608868900033,0.473478806977776,140.349955011751
739,2.579065153816,0.368050774087317,2.148309307973,1.08753586954583,139.809294869347
740,3.59681557602217,0.526091065130531,2.18436553404312,0.352422872802171,139.927337540955
741,2.31189623581123,0.289954943126683,2.97200254952809,1.00891606995264,140.038915985152
742,2.95454823655972,0.31618016947942,4.51565992870176,1.51971244891288,139.052054693216
743,2.76317687965399,0.841674698503618,2.18914984119956,0.190185389344325,140.254299847764
744,2.80288199609415,1.30778230967481,2.71070707021708,1.34591444395356,138.285595687453
745,2.7617737988059,0.875386652942773,3.03734484613559,0.72828976399882,139.719107656336
746,2.81810165995226,0.833175425435135,3.0888747425792,1.28122906746789,139.605017278496
747,2.70549646487165,1.02322277155426,3.46249677103855,1.77453708585468,138.573220876244
748,2.91372539776714,0.746558412005545,3.36192920289067,1.11910932879902,139.811266329358
749,3.82292447978846,0.746725147976394,1.83128479578554,1.41083883729272,136.915841325464
750,3.3252198764584,0.640044647671622,4.50577579626469,3.23638095181372,138.262433702502
751,3.60185292008958,1.22796110742472,3.8634911955037,0.177986542174812,138.003707624929
752,3.11997151969483,0.430719416787485,1.31750364195564,0.0993409433696943,139.435184432038
753,2.81288109518387,0.792861708502599,1.82269649363998,0.459692054345562,139.674969306363
754,2.91491728407287,0.42860853348868,2.49716106564904,0.688950486653158,140.755811648443
755,3.64163964076796,1.67765438326872,3.20551779580204,1.02330934792623,138.56773202441
756,4.1706398549998,1.79203306607618,2.47142220393155,2.63499623589566,134.991077466674
757,4.5083879207793,1.45017443579844,5.70347275645884,2.99055394241612,134.397450923604
758,3.85983285003617,0.0648763867192499,6.4152921154542,2.85961931628727,134.251688191876
759,3.88589375779117,1.74184156713991,3.30852338774293,1.11970619775063,138.238162327852
760,3.61605721104304,1.69008480271116,2.67338219645954,1.1302720308313,138.537390901291
761,4.03057492545599,0.0922398295553364,3.19328049729454,0.266440051841451,137.722511184292
762,3.30492215080676,0.604689546572892,3.48978455470545,2.40299125095763,138.946941574092
763,2.35775334818203,0.429214189676068,3.67492661738616,2.75413742164392,138.3847536535
764,3.30778034880056,0.537118762490342,3.92993964620185,0.0802059586166518,138.667802882917
765,3.33027951402107,1.33558111006951,1.97928553954074,0.485938552672499,139.242293036703
766,3.66256354228712,1.50943562552918,2.27911519107937,1.27921679490486,138.163191993086
767,3.65541364113667,0.0698749078598474,4.34192406176788,0.362069206157686,137.100189775132
768,3.7972204073384,0.784780511120965,4.27305421694761,1.24176426832741,137.709299764083
769,2.43301690943652,0.514402939597024,2.06792568544805,0.801962389748673,139.496026898478
770,2.98642949376903,0.240260756590986,1.51145868221388,0.0568891795905742,140.452997578468
771,3.06374265823399,0.381611527648459,3.01826075826832,0.543173654384254,140.661027131041
772,3.38321959082955,0.107785393629551,2.8445319874949,0.380848989983242,140.369814123147
773,2.38829484592894,0.115961663661775,3.82826737025058,0.600685673520132,139.751181919082
774,3.06458236885635,0.2192935816191,1.95229971948396,0.845829004010811,140.052799327741
775,2.37638641613068,0.0182109987898823,3.86689900440429,1.41377892609229,140.081667545943
776,2.30549514496474,0.197226834352416,2.29888344469159,1.4983559490173,139.20578877143
777,2.51965486758248,1.08206564454721,4.18380827519699,2.24389743667909,137.309200274084
778,2.78553551852178,0.877830082357121,3.70285645011806,0.855859881767482,139.058914938709
779,2.89969223164106,0.26150077634973,3.44075387261598,0.996600154196318,140.452902460662
780,2.69985217308876,0.105787210032488,3.51452721802213,0.206599355308589,140.429383485731
781,2.69058962813089,0.229388266681407,1.31103803265461,0.253383771641084,139.439804234645
782,3.28934762937773,1.38948556328161,2.49481044490141,0.0228436440246195,139.758911026154
783,3.33741452899166,0.265546922847491,2.14478981421088,0.233333972180797,140.639547810585
784,2.2350642491636,0.0160561203934081,3.52250601979636,2.58116413334718,139.209148690696
785,1.98710832179947,0.0554297134594298,5.1527795980236,3.81005846668058,137.209817211442
786,3.48345168073993,0.997336809419116,4.46781885469833,2.31412826631692,138.1695428433
787,3.79571267252573,1.86863625105181,4.3903227569954,2.52855084986133,137.004124964878
788,3.05693864815705,1.22191634075981,2.89951657361384,2.08264488334206,138.132305040279
789,4.06746134996297,1.34816291881352,2.50077128015508,0.245928090680319,138.906757967221
790,3.02420095917308,0.206750778541315,2.8302866944091,0.249899731309021,141.052957460242
791,2.83872630318993,0.458853285618195,2.11001070872606,0.442984467620918,140.721333258524
792,2.81194587215015,0.0801528323090426,2.70397513988129,0.559219790281988,141.292407752797
793,2.03113698274641,0.0115926206770924,3.14097116077173,0.680303680881596,139.841052445494
794,2.07589463884818,0.0306430335759362,2.92724658985956,1.53797048820995,139.510716547243
795,2.89288893469963,0.309548062309879,2.82944869684896,1.52809530295924,140.213326144708
796,2.87461353983425,0.215108721780639,2.53759709618443,0.0213177843322568,141.421248261991
797,2.74203178969248,1.25410002544952,2.02979127632803,0.0164335738217231,139.242633429214
798,2.58338064716987,1.37312893799079,2.42790545981565,0.695407244417215,137.915314274221
799,4.1210452574046,1.54186851493753,2.81428664076267,0.801773067674288,138.367674983027
800,2.7298846047364,1.76001892998722,3.50055315644832,0.542773953011594,136.564197963937
801,5.13898225470368,4.64719329519453,3.1429555945645,0.236195817302383,133.458643246987
802,6.76872694773013,6.16093471848014,3.14053926607495,1.43386891572893,130.609811326942
803,7.58722100281785,4.74993404520802,3.33994437778342,0.0736585768955309,129.194253000373
804,6.73398117910552,4.9560839337949,1.83819629525489,0.400010481466567,131.990306437487
805,6.15849828500482,4.07243564897048,3.5607680833591,1.70357752627402,132.808814358584
806,5.192583173243,3.10830686924948,3.29951815997067,1.25022990092971,135.341119924016
807,3.99468570591614,1.92596786194534,1.86506174731939,1.89389113214964,135.018745921902
808,2.99961129165393,1.73367474384362,5.90003731226947,4.63323637767916,134.943809913377
809,3.71160301204574,0.201034947364073,6.31154822979737,5.23442928696937,135.685077151432
810,2.20994862730191,0.326613314376649,4.94924799037928,1.12046327719429,136.868414924453
811,2.61983221864573,0.10863005701993,2.66170136669267,0.408369630344989,141.339274906416
812,3.53389993577821,1.09590844253091,2.34109506472059,0.570590494194762,139.676066740217
813,2.61246387282496,0.876491260687662,3.96597067492433,3.85131622204536,136.581542339724
814,2.48903071586056,0.52278243502604,3.99547993024296,2.23587458964478,138.899408281878
815,3.12401982379464,0.537792002588933,3.63636720381339,1.3953500503074,139.794464602323
816,2.98112377774837,0.0867352136661392,4.38048672272909,2.24640240969361,139.537656942929
817,2.91172670726105,0.788115901094182,4.0280467646695,2.54929575638583,138.778253217681
818,3.00939575679964,0.664757890954339,2.91494151690038,0.670916815362853,140.390751007287
819,3.04039372337418,0.988928268416233,3.11581487622417,1.21825830371572,139.541417369083
820,3.74847874763317,1.05270639379353,3.4830935454084,1.12874209669113,138.767616415176
821,3.44069087033861,1.29972530002837,2.6684331209923,2.44012952479056,137.130034602586
822,3.75552497549227,1.41589001416929,3.71328207324599,1.06692499109067,138.301957467883
823,3.52900402907493,1.65531623502384,2.4250703654234,1.21031160524226,138.308310493324
824,3.61296778998126,1.11455364354583,4.54026426463334,1.29409404072944,137.531257158565
825,2.57656057799063,1.35361111370111,2.32650611003973,0.998493580065175,137.526961937997
826,2.4750676023511,1.1237850832532,2.61137619615667,2.08737220896784,136.58300054378
827,3.02157249704429,1.50318800708917,2.64571372771492,1.39181972316823,138.137517975355
828,4.47352735201783,0.786242793795106,3.74208337697111,0.698404973905911,136.026771590292
829,3.500641724507,1.1951290002765,3.31313518831528,0.468969350068329,139.193414824368
830,3.61833598606739,2.06869502058344,4.86063116994727,4.49559389812619,135.096627906211
831,4.32967100428134,3.17865747653619,5.55090954347856,3.78540477331739,133.667782871595
832,3.38936377596335,0.369176528344439,6.59415794750463,4.71105827950186,136.560015011698
833,3.11383980412718,0.708308443515844,6.01865454895342,4.51498653224055,137.149139953681
834,2.45213104333629,0.347556176911364,3.99828698359736,4.00341984641315,137.29595106998
835,2.30345665593307,0.237078351181048,5.89839923775019,5.03331400006519,136.950118133633
836,3.342771620936,0.480772959873121,5.75786635148764,5.10046630332312,136.811801644538
837,2.79739784261282,2.00693309490998,4.48358512646859,5.1614342790345,131.857877829515
838,3.40857033433993,0.969394954779111,7.09601420145211,4.74366211601371,135.616752411487
839,3.35591770548823,0.248939882498719,5.71238626767919,3.35845200570597,137.441661127919
840,2.95735015700694,0.542180633763777,5.27277633578118,3.21151802388194,138.183917733147
841,2.26613326787241,0.176856731995653,5.14470294797861,2.39588203911382,137.998601300069
842,3.27356365758167,1.00197259429143,4.67830047622457,1.57881010474202,137.861738642431
843,3.01476241097936,0.241099151254647,1.97886639235102,1.36465973766933,139.165422104484
844,2.07213152580698,0.0124781347996147,2.08041161380802,0.48846980386671,140.13039481965
845,3.90577233811359,0.742192171528272,1.85717912527759,0.229016529952034,138.932789138342
846,3.70451497288578,0.139974028234865,3.47970701668549,1.05028233176837,138.752476667777
847,3.98749589065012,0.385416120559268,2.01910013939967,0.553957187805319,138.229968025555
848,3.62144349264682,0.221258392063595,2.39625075015265,0.609358087753655,139.656082473684
849,3.36568663253964,0.140681894308989,4.44279764355085,3.87581546655256,137.72321922281
850,1.98943467812645,0.258416040260731,3.96904590780171,0.263120595666865,137.452436086134
851,2.74843242877133,0.415466179937262,1.73971569742482,0.00636138385430185,140.832910247253
852,3.67255347821252,1.44959868350401,2.29949304326929,0.0946098273749733,139.584565891747
853,3.70727818555906,0.0080348402092137,2.4903587596325,0.339884419700746,139.454319829444
854,3.38583200039935,1.42640899713967,3.00285742771222,1.5640008000965,138.64805386771
855,3.74989608382133,1.01334039449876,3.43123410425375,2.03626727964572,138.342919672234
856,3.35094387628495,1.01002552812136,2.85618687603461,0.865003180652874,139.761975096149
857,2.80463050154156,1.00570614195856,2.44262502454857,0.106910344999031,140.023121054192
858,2.86877832459424,0.238486498498856,2.40155758847485,0.442610348451278,141.181679554236
859,2.84981352577608,0.970936852257306,3.26233699306516,2.64375902643631,137.960059646071
860,3.61064865250445,1.6771120391893,5.30564568431074,2.05608217760093,136.017735490896
861,3.38432377632972,1.86523791815062,3.9617293987162,1.95941513924466,137.346668280733
862,3.58023022542184,1.13694514839976,3.56409238871954,3.76824763578258,136.164596286214
863,2.99352201897025,2.03171266368542,7.16040864044956,6.63124942272146,132.502187079386
864,4.82622317266415,2.38056726406185,7.32484315639616,3.76337647129299,131.367266951089
865,3.32664698088421,1.58968543126091,5.09319137903343,3.0619849115747,136.749022618259
866,3.18923453101196,0.204527691243345,4.66679792754444,3.89601114928348,138.150300460578
867,2.60693409794209,0.418314474441239,5.03136031717942,1.53260425594228,137.830507200841
868,3.01913919472369,0.390988974032686,3.23949729621834,0.859557955683667,140.445625779325
869,2.62056831670982,0.317938430062355,2.70594700616198,0.369562645738824,140.984054127801
870,2.70574876415195,0.474295990649286,3.12650033848673,0.422608737300843,140.440939983912
871,3.4995758194153,0.189006723817581,2.3692293385015,2.25125982093878,137.337154831689
872,2.10213231935999,0.204935609151461,4.18381134050483,1.55391692370843,138.436285316779
873,3.0597873736263,0.0942448889983924,3.95979658905133,0.495050837387864,139.533734457769
874,3.01506076141584,0.0997298890549576,3.92901657142177,1.40724282768229,139.970408370611
875,2.34534753708381,0.196083110284984,4.9185041312092,1.9707757277543,138.323925806992
876,2.70138895427074,0.33801242039662,4.90804099593813,1.12456745196351,137.971594599974
877,3.80572504797674,0.770289419244682,3.85615713870935,1.68083468579574,138.265255147904
878,2.9590889808022,0.985759512095489,3.90589295349501,1.10737691862906,138.825193515937
879,4.03361507727671,2.43863692017108,2.57402512376017,1.23485360946079,137.148090680908
880,4.28423193315912,1.02110576973782,2.62431169992671,1.09417348467414,137.556684771799
881,2.09481197689984,0.873168778175546,2.27558496189476,1.07797623282167,136.733525387759
882,4.31600743862197,3.37832545760274,2.58954800443383,1.23817573092948,135.412479243082
883,4.53305707847112,0.478041101248824,3.16096229699916,0.455971769657233,136.041301210064
884,2.53600462666728,0.55133628130442,2.45289452541941,0.803389586805338,140.048275483301
885,2.8376307649605,0.336388478911973,3.01600722769568,0.486476454481201,140.825792318215
886,2.93376614749225,1.0530719804161,2.8071137134739,0.371316623070482,139.833209491136
887,3.09602443745098,0.307376432292757,1.99606251510186,1.10788795883191,139.57658845636
888,2.85957260943292,0.603090051576582,3.3120557781795,1.64222260197892,139.796702563813
889,2.90928990344097,0.623293018636822,3.71859313559432,1.67126795711958,139.607346710507
890,3.56594649732096,0.687707450089933,4.52002270628033,1.54485709242944,137.987492765265
891,4.31455339777951,2.86301475926213,5.32674720780472,5.07201849209982,133.35644776058
892,4.41812265355804,1.22241971560295,6.22279941733036,1.85230267599086,132.418930234101
893,3.51684394501638,0.542887396902234,3.44331772202497,1.74067510888502,139.160227617204
894,2.961932836644,0.159112414260543,2.04263853987142,1.35837017987809,139.460179754697
895,2.8286788157611,0.167163050840236,3.25735513406923,0.856712732217153,140.770230820686
896,2.90069856714016,1.65955776016007,3.05016431737126,1.15618696766527,137.755707735914
897,3.36807682952729,1.30201111409923,4.13424958779702,1.52674869147699,138.228595921446
898,3.22055438474478,1.03377676083189,3.04807939563254,0.575374434421243,139.796066063366
899,3.8366754858978,2.42160651416198,3.20845516133527,1.21107202866068,137.246623014448
900,4.54388791932769,1.81417323554092,2.70186219997709,0.852557698831584,137.328940379207
901,3.37475483237447,2.15407609686735,2.40116134715444,1.43925943271142,136.747485327417
902,3.56774470205766,0.393838903693479,2.54621955935208,1.90892310423921,138.253436816176
903,3.97732113113929,0.700844878731885,4.72596208755025,3.09954737271428,136.745202611962
904,2.58025558305013,0.50972111797051,3.16360967824953,3.28417385074651,137.246454881827
905,2.62059381568926,0.109642602210339,5.37260087114671,3.55184559480154,138.619098405923
906,2.67189836041691,0.00160571427976747,5.70702402471225,2.86647210333509,138.242015210451
907,2.01670894685671,0.388543840414854,3.31107330686405,3.18820058008276,136.073013079398
908,2.49709622064456,0.4161232390931,4.73584047263757,3.03357348849877,138.452880730334
909,2.22043914247634,0.569515219884746,4.83659163217843,2.46080744824847,137.134079814186
910,3.21172483020594,0.17691627530878,4.95681750165689,0.723650854640293,137.240640970826
911,2.35759140141935,0.0474901373371293,2.64100324058628,0.34150489885075,141.169837830097
912,2.97044361749332,0.0321119967361253,3.62151210793757,1.78030250230473,140.241347159606
913,2.66184137758027,0.114101718383589,3.28237720956607,0.238194253752226,140.787750592958
914,3.12797061042668,0.385635967142883,2.35942671198035,0.428451176249494,140.845571022929
915,3.51306687310854,0.079952316159428,3.29109580341871,0.757621362998946,139.55461196954
916,2.1690278706811,0.0762094641461672,3.00044582309333,0.63964183426391,140.301959438623
917,3.30657218661412,0.262858621693812,3.62101425065646,1.33415482854465,139.724136093445
918,2.96653068584578,1.22478920599471,2.71528565000234,0.369068916353868,139.555191424207
919,4.22357041472657,1.39924055971511,2.41316109431368,1.66850905627378,136.842080693405
920,3.35941804644255,1.84751677216102,3.69434326915006,1.72580207227635,137.605792408382
921,3.58702463859617,1.74453914241368,5.31759659643962,4.41647104498032,135.881211610965
922,3.69767220485605,0.541620961233218,4.3203004638177,2.92111010351754,137.768664609367
923,2.72482377052213,0.341546623792943,3.92565568634518,2.45685797167462,139.502056742484
924,2.61304516693767,0.867698623283981,4.42044691284905,2.2961616691347,138.008565185229
925,3.33895424752236,1.02258255527228,4.00807998330678,1.37417401624336,138.741593758381
926,3.96048034413823,1.35062881723991,3.88587787584366,2.40595688940545,137.516724568596
927,4.17225974439947,1.49005653472519,3.87449445205546,1.16512015844508,137.345314837056
928,3.07667295350639,0.655039810485052,2.17466482838319,1.16467238357457,139.505392107521
929,3.47973430732381,1.29942463084544,2.48819932451928,1.85018928949335,137.89962665397
930,3.44297100308176,0.787315618832019,4.93499834663491,1.74724307853442,137.557259806384
931,2.72361687663687,0.388415398074661,4.87007414415147,1.41404650442646,138.234149324352
932,3.45964173762432,0.237657585961912,3.46203430590888,1.81816427847175,139.25363183426
933,2.87524528865786,2.08749890523245,2.97397941828912,1.56487258088065,135.903622757818
934,3.1592590349033,0.388913903130746,2.93040780270753,0.850371627240268,140.495594226915
935,2.50650049849535,0.504322127113391,2.03797804914123,0.724159326876209,139.76912440801
936,4.22243911493707,1.54876371414627,1.87940996083401,0.629924435508893,137.626634702569
937,4.2722512655774,1.85446335713629,3.596516682641,3.08490218576311,135.894231717514
938,3.48521950475209,1.37974970706252,4.0542396589898,0.259146545262273,137.581522989644
939,2.92301892458791,0.786765505488316,3.3185534023329,0.868831161515126,139.831372499845
940,2.29426906889162,0.275450833389284,2.47323220959822,0.426301073399792,140.455206908228
941,3.32631035271879,0.674099192924071,2.58223916878784,0.888592367352494,140.057064743518
942,2.99937216355567,0.811785080680638,2.4767395982614,0.0391987265306072,140.627449434423
943,3.8138615193614,0.56583953782845,2.08366975260724,0.480093017192593,139.110209578775
944,3.61573354229638,0.646852582100848,3.3958911081692,0.24043520630493,139.157146612131
945,3.56375780357144,2.58743267017484,3.2276614268318,2.30748962374384,135.550632212748
946,4.9246318186418,2.34165304497788,3.07361749535085,0.839600942987864,136.312141601674
947,4.86366684936139,2.19140433765635,3.93279883549379,2.16094765733484,135.459645320682
948,4.58187936031473,2.12177119838077,3.76907719558037,2.27490042881743,136.135000088593
949,4.46450661218721,1.54408553787389,3.34704846472518,2.23800331227989,136.362404458334
950,3.54643079897968,1.33593669959493,4.49840479370677,3.02090348344045,137.542283056156
951,3.14500489888124,0.404478201085454,3.66565379987668,0.464199379711667,139.732682635515
952,2.75388840195123,0.286086787916464,3.54379523442813,1.68650659027037,140.161145084469
953,2.6373513093253,0.481524697672612,3.33362887716929,1.61956112486371,139.82562564015
954,3.16237734525898,0.45316744646272,2.95403426983664,0.805898375594962,140.456450455227
955,3.77232496250232,0.751719917323996,2.97335633204983,0.861985339287226,139.174912493747
956,2.86906421978317,0.340795612197867,2.16771042907771,1.02988486582917,140.156159908028
957,2.39890369851673,0.211442570829456,3.53443534393964,0.109882874755403,139.830888180473
958,2.11553153795069,0.232841567703905,1.89187328539154,0.127833799695276,139.885699372235
959,3.1848231905997,0.975187915301518,2.55491161073629,0.558404808799414,140.095737545291
960,2.72005204723055,0.391746060828178,2.63478607405307,0.337882457970917,140.985260855512
961,2.95857503459648,0.123648804336592,2.48850702979023,0.492724330751579,141.205261391273
962,3.00726452953378,0.01274252312367,2.5324128868829,0.047651467235603,141.45369767127
963,3.58504860665528,0.233815423989318,2.94121007734303,0.318779398048757,139.768986010643
964,2.74581768028708,0.390168524842652,2.91652213409755,0.236749371507438,140.840910523074
965,2.99006248907808,0.278294993097882,2.15706581203141,0.0863498424991794,141.290209164665
966,3.5498789996201,0.799384607693667,2.42922260139733,0.704068888065653,139.756226973039
967,2.60169525721028,0.177869392400459,1.76057922788952,0.305289207287248,140.727588275831
968,3.29114991796233,0.586344396774326,3.60760833596239,1.66292092686046,139.516638831309
969,3.49373247724488,1.68716830831289,4.32979812698761,1.05435551639982,137.13851455631
970,4.77650340853162,2.71886985316477,2.50670427359848,0.985207801032451,136.438329509192
971,3.67356059482852,2.1421371472594,2.77369000600243,1.03407295939947,137.889113044534
972,4.55207196264213,0.88909184373342,2.66755035223826,0.517092038565808,136.878184972218
973,3.16501444390066,0.0837695880936712,2.51739730048076,1.63394920787212,139.616533004205
974,2.93603134364281,0.549418725858923,4.36531595074491,2.9961595199011,138.806292635408
975,2.11646610485438,0.463540450594631,5.51420876730878,3.88470919897492,136.289266561017
976,3.54155388344344,0.805357263076229,5.68421383166895,4.52613246952516,136.753737823584
977,2.79798533537476,0.3046537577291,6.31353839603647,4.92312528505905,137.424637357567
978,3.76507042858678,2.2138232786257,5.44172718459682,3.20996122316288,135.429793361216
979,4.62452453894158,2.90060188558439,6.61522286547637,5.98624723633969,132.577419823503
980,4.50371780906766,1.4408661040746,7.5781786153814,7.18986294339953,132.30075877689
981,4.12105217796397,0.0557602471114033,7.49291535395627,5.26556704707918,132.932846470049
982,2.57855062900994,0.158073483042033,5.74806545636389,6.03199619689685,136.388582947191
983,2.15709537556643,0.761298110352628,8.77295675912523,7.98919667305285,132.412540252588
984,3.01675488979566,0.483355985401414,9.04500357161736,6.08084163150723,134.221623871724
985,2.77472143323272,0.734218630672175,4.65732062228638,1.46971787451971,138.080934095467
986,3.39793935348325,0.773974633370058,2.92639784139621,1.06687104952825,139.79142799004
987,2.21603346164526,0.867206149974056,3.78033038939546,2.06330835820034,137.013399762202
988,3.58477140358099,0.440740248388742,3.30788363195872,0.0422348441942164,139.301861860285
989,3.81171546012853,1.71455227937568,2.32257003733506,0.0578297915899317,139.208607026013
990,3.38500467795886,1.25653536639225,2.75974454698546,0.195106699143746,139.759785870751
991,3.08921821319801,0.376785496892322,2.41232941651829,0.527887198082435,140.824931803441
992,2.97398044527502,0.307730812727718,2.67617694537214,0.209587810445849,141.127553137506
993,2.75878215271223,0.205315549384689,2.98030043071955,1.69842526135143,140.255048940421
994,3.82248806521653,1.20657037491159,3.53004088170821,0.17069747911751,138.33178322016
995,2.3123016990423,0.897481338673615,4.44912625019823,1.6860927588685,136.782638746946
996,3.89278961367009,1.00453874524849,4.9763304022973,0.56137451439328,135.371212059235
997,3.04267307180426,0.688625994625749,4.29715626160314,1.10252467901731,138.731398439791
998,3.16973896782475,1.07484037833198,2.2086973531085,1.67561347193393,138.032668694532
999,2.42273262773412,0.407058069107279,3.92133289773713,2.02669539729796,139.149392649216
1000,4.10678733540703,1.51610952423013,3.74882704917678,0.515334281225988,137.460011391471
