"i","lambda.1","mu.1","lambda.2","mu.2","p"
1,4.58849335254068,2.73979692272947,2.10834808915098,0.100550126494677,144.28696939018
2,3.57121108080916,1.40280080811538,2.8935509626147,0.0767520676306519,145.988774499855
3,5.12546217240554,4.02974725268617,2.15495032623148,0.350863457144234,142.277331924853
4,5.21495699270036,1.04405935864541,2.32307814263918,0.0894910444693174,142.963473981057
5,3.69525576142941,0.956468792262251,2.42092448208249,0.749083109542517,145.925373285145
6,3.59714568267827,0.217635339885032,4.57940412232312,0.185204668117793,144.508948252268
7,3.9178351827207,0.112964454696848,2.76691687939805,0.981179878691972,145.693838274503
8,3.28440322363318,0.995034886566575,2.97497945562324,0.0157372427810059,146.339243996176
9,4.1345111287156,0.781707394772561,3.40954592629243,0.397386393766358,145.475153308685
10,3.38833328802767,0.741492815597358,3.61266735324903,0.668761132787732,146.089237015401
11,3.00176623013715,0.370118458557944,3.57329947983142,1.59395888669296,146.124645411871
12,3.56998011158871,0.926337959543695,5.95190085254187,1.28023718703063,142.256083150825
13,3.13593943727812,0.628386537573168,2.93092926220769,0.576375954243935,146.567215609256
14,3.62130934896124,1.5346493773611,2.15018568671976,0.341174247667057,145.477743234929
15,3.79328030371737,1.07808063793776,2.90356948108895,1.06505935008613,145.759241499567
16,3.14793959513826,0.83372876282019,3.29756138401619,0.640477741753228,146.10137715697
17,3.59961504782764,0.467567440876151,3.18921226267025,1.66978830119391,145.821548238664
18,3.2004394288764,0.615436757712382,2.96664518795827,0.819629149668818,146.477457527944
19,3.14491281805704,0.0680832156939968,2.66701634363806,0.85412121363339,146.908199299642
20,3.28934249301925,0.10640741861248,3.6470332084187,0.766538758634167,146.585200851189
21,2.70425260196428,0.238415503233923,3.02662680078199,0.143188293204492,146.720272488529
22,2.36883026755098,0.25250419195079,1.70504153302174,0.337277590606315,144.645399325785
23,3.05404108774176,0.0912884264163497,1.899394250403,0.117166897884324,146.935024125448
24,2.84467185686006,0.178570553000135,3.3621787826586,1.57320207530761,146.259891454038
25,4.16310005498672,0.967428577478993,3.36881888354545,0.335322820568816,145.470985926112
26,3.82835225380739,0.946953804251553,1.86465410666777,0.824399117128342,144.739358501318
27,3.86445804222523,2.04452228843754,5.28793547740237,0.800422534658526,141.886015382781
28,3.4659197990889,1.25836721860766,2.5865911166974,0.0564389229439827,146.24418715231
29,3.17127769640092,0.0818940114749802,2.38174093668989,0.0906456972043457,147.418625694612
30,2.89458641248913,0.575966085732176,1.67714988600374,0.350354850312958,145.28833727884
31,2.92167687978954,0.553975426700655,4.52745712336041,3.598850138515,144.252137834399
32,3.06922556101356,1.36030719125782,4.25440885334486,0.0641492498782763,143.528237098442
33,3.44820013259769,1.03675505618916,1.97950432609398,0.697613976416845,145.290920629603
34,3.38137442992789,1.17127633665892,3.74062400141201,0.258746371481193,145.334983578115
35,4.6300976625616,1.79813616444271,2.56778282926725,2.27287623722154,142.322082276838
36,3.91382229536178,2.63620391181882,5.97194195174275,4.03326685224274,141.199185292395
37,4.00900239033084,0.134907664720158,4.13173915752514,3.09612053089927,143.964893491337
38,4.00230239147233,1.72244621174127,4.99712377273468,0.814118042071032,142.950366264878
39,3.460018620434,0.866424282057933,2.21264438931038,0.58989899691158,146.035678597518
40,3.97192813664775,0.995590307483912,2.1102187312398,0.835973071992484,145.088925591806
41,3.23556166852501,0.937210099564578,2.00997015707833,0.252787783628601,145.994417073397
42,4.02062237210296,1.92407411617581,3.39231437948761,1.54733979329645,144.580726042944
43,4.93451045226092,1.51426408673345,4.46391317840087,0.642531779377808,142.432669701924
44,4.28078628567836,2.60409524280853,2.74883063074542,0.478264943934174,144.420865659962
45,5.18580601256236,2.13948213936685,1.94213263331898,1.23257593288353,141.711796043702
46,4.8870662042525,0.849128159449092,5.66209321838212,3.11867794272472,141.221791605019
47,2.30256798085253,0.69568658067683,3.75590947462516,0.872516921884141,143.492171635461
48,3.87330617182532,1.07536741598822,2.47110789087139,2.23479721192386,143.429000588691
49,4.21075685401879,1.40704031870717,3.48050559183618,0.999578737930619,145.118159507484
50,3.19409438354672,0.285511315568393,3.25133502054985,0.981264844728579,146.689143396596
51,2.85513022924687,0.626894957899293,2.35004478575017,0.0448746234481628,146.496935625804
52,2.78763477352486,0.5065659668739,2.46664523023433,0.0128010294864361,146.637119690764
53,2.75472959487074,0.0928284880061362,2.97172660246294,1.70465526768687,145.973618826078
54,2.91850716105641,0.00968161011221039,4.91673335328785,4.95680698276294,143.558373241652
55,2.33813170979287,0.153631460310443,6.22331525077884,2.02693735507729,141.843502520242
56,2.95771190182343,0.328882628283112,5.6421426990282,2.27907705177788,144.154884970637
57,3.37296264299871,0.308471540429901,2.79012374759916,2.3691494917605,144.698354819641
58,3.41692089948352,0.845980294236598,4.92117356524488,1.10571080171293,144.275467714043
59,3.47429085705996,0.649719857517843,3.03939851852209,0.997857312784388,146.330205252227
60,3.6154413445426,0.308594281312227,3.22986049168292,1.6525325473473,145.880999751416
61,3.05616992994187,0.44812274494138,3.1382947876977,0.47188384041987,146.710865580822
62,3.35162746813963,0.0200539650478815,3.07963166632908,0.769505420124013,146.910745507393
63,2.53020681294376,0.047051041519304,4.02770670597881,0.461811753659897,145.575404732387
64,3.83915417501507,0.996055161487828,4.22591018843527,1.58189660188583,145.060010567672
65,3.16168419026378,0.115557744135667,4.28790926313021,1.73544651673665,145.999458730778
66,3.91082174072679,0.213272018973452,4.35264639420082,3.0556652761226,144.335804826305
67,2.43819133321806,0.997256725599756,4.59425723592587,0.50808001993844,141.888426418679
68,3.17325485452981,0.551993875750045,2.32509035965754,0.908645821732147,146.05487883366
69,3.69236940876654,1.01959190442279,2.38358847752518,0.382801763300481,146.231387901582
70,3.85661804180358,0.27870390624609,2.83032971735658,0.63092754714687,146.181917180801
71,2.92430690914376,0.597015037745438,2.1785232715642,0.0844609068132388,146.538008809809
72,3.47953076860382,0.657928281170322,2.79857997934612,0.200283989788419,146.797756862848
73,3.58764844629485,1.0524511711173,1.70234424692191,0.188095566530978,145.476010236512
74,3.68563746582654,1.30694749730328,2.09207721592177,0.221045307758942,145.862275146787
75,3.99809433317819,1.26628373186695,3.90211182088701,1.39706037842958,145.049289985886
76,4.37780660724884,2.39701926383011,2.95642120712739,0.59375545503023,144.620553339207
77,3.97846253728757,1.67970243258122,2.41383877709293,0.879200510781615,145.01030627426
78,3.60848884361046,0.111850641911238,3.63969251958298,1.66420573456006,145.929081740396
79,4.14223877481835,1.17087972253687,2.89437868448368,1.3742605234071,145.034833178373
80,3.23631564441492,0.659427319932149,4.02724786998005,0.478868692187551,145.593362987195
81,3.12216001730962,0.209679003655244,3.05601236898627,0.00932181787807168,147.150468228916
82,3.04325651679184,0.179744088605177,3.73320851759152,1.6700088087618,146.292547212661
83,3.46162979912739,0.748125896161519,3.47597009069882,1.71467069689279,145.759568425208
84,2.86986391974427,0.478210343431838,3.10563714180287,0.29170345121628,146.514242669128
85,2.78715456053677,0.059724077674416,3.18870197642122,0.161522298370951,146.998999407507
86,3.00738402995949,0.590966724007942,2.96632854437164,0.313991575357281,146.59858817952
87,2.71408850849635,0.511562400004957,3.49676649331182,1.47448402427125,145.510654588115
88,2.66937429172424,0.0431777016728878,3.37717290864952,0.418255769755012,146.66664666706
89,2.629472732357,0.677147882084936,3.51773205441805,1.43678647728805,144.922108685241
90,2.57838862182734,0.228724922003318,3.45475443817944,0.112711424535073,146.037175853871
91,3.33978803413117,0.479491206799299,2.30973091648369,1.57721244481849,145.063876383923
92,4.22837131994524,1.44966390250397,5.13872576359037,3.16089797977347,143.465680947288
93,3.54913962012601,0.187734706223278,4.71993542701443,1.6041741719069,145.144834838975
94,3.18488949274398,0.70279736611798,4.08726173108042,2.5463955244109,145.149069518689
95,3.735185953591,0.485715336346437,5.14539277380468,3.16458987156961,144.417585720191
96,3.46938729699918,1.36540546874829,4.17203639636028,3.33258229374844,143.703182174554
97,3.77649845063074,1.93559541976557,3.6453357415349,0.2381325020357,144.578726894434
98,3.60837985788999,0.410524383573957,3.15849829226376,0.227928834590351,146.614156478406
99,2.80535130849124,0.388069669411626,2.35268732281499,0.208662433693625,146.702051241135
100,3.91322417901058,0.490017422811639,2.51025041244738,0.450770671516527,146.158462484842
101,2.79650828588988,0.276408981952157,2.92770133883073,0.200722151063737,146.862556694138
102,3.79240844235811,0.613307317988319,2.79679129577862,0.691694782591729,146.244915724542
103,3.4811578491286,0.408603608869498,3.92807471309415,3.1709872489711,144.729434945014
104,3.35090461916387,0.219101343253608,4.64251939705485,1.77627850161707,145.478584256404
105,2.51999205746734,0.500041080449371,4.77069547356703,1.44851689938274,143.8396828488
106,3.09861660132245,0.576222704194294,5.12527085831407,3.22792615051801,144.59544188981
107,3.31725888792846,1.20497543438274,4.46880499246099,1.86731155562801,144.581844580285
108,4.59930427429639,2.69906959850299,2.61496645571993,1.99874266163223,142.390074790314
109,5.03243641746594,2.24492320839215,3.22054661240945,2.18638256442499,142.688554759964
110,3.71431960179694,2.15482958659783,2.5368050680491,0.96171682035462,144.183063551944
111,4.86023032084392,1.64243693099918,2.48444430390586,0.501190626372139,144.279043639221
112,3.38813902921309,0.0403868565857113,2.72501388388115,0.394462927003163,147.118642542275
113,3.12199925634953,0.182007434860238,1.37592740762854,0.162735374096793,145.313800958432
114,2.92188879440228,0.411405081749596,2.80941679644033,0.742123770186946,146.562745949986
115,2.89824155805198,0.399123631493559,3.45295934856033,1.01981459228025,146.276409416011
116,3.67417411431719,0.416187496972572,4.01121994486442,2.38019471540977,145.292765343152
117,3.59845274610765,0.270439597609816,4.77193004950108,3.95534959282767,144.201300124409
118,2.7593564558284,0.0534792794063628,5.44993519421637,5.0541139294167,143.629179343454
119,3.05282009401099,0.390587307438783,5.89903302922084,2.93994591605492,144.060673278425
120,3.97541383515994,0.456664325057777,5.44014356851966,4.1735222606498,143.415047656937
121,2.92182120505457,2.99176756765003,7.31343422289541,4.44859771486097,135.052911989475
122,6.60979820456359,6.2307141871914,3.88479912931796,2.33055347091194,138.029660058614
123,6.44810896973413,3.23036336521822,4.7479653309994,1.50108667329918,139.262717157002
124,4.99607341146205,1.08781537320454,5.64161407703479,3.53223754823823,141.11532418699
125,3.35359152548987,1.54551086791146,4.79460225001026,3.64748448233287,143.133501435615
126,2.99689017892639,0.302257045120062,5.55902104234987,3.49571072022768,144.537770100808
127,3.2303420255665,0.160889004179961,3.57196347172956,2.09421707347363,146.012947861921
128,2.84965387087521,0.0859888557078467,3.67662446913795,1.26860836206214,146.467012463143
129,2.83804452927686,0.561396245244108,5.44230810174547,3.08085666708489,144.062513277396
130,4.54227554607725,2.47780831835984,5.55627606414804,2.99626877686248,142.160029076263
131,3.6987003059896,1.82978436921086,5.79441147939351,5.49473453835702,141.516026550876
132,4.72574744348739,1.71870819909387,6.14164645921644,2.17689508094856,141.004145067931
133,3.93145686125041,0.0127017222213857,3.87619440187063,0.600069300649482,145.18176180784
134,3.91821289007795,0.682911422047639,2.84521403485675,0.584395911419881,146.114153876023
135,3.33985399408152,0.42124917823012,2.75016166100442,0.971222943111488,146.506975550152
136,3.45832967918123,0.671035502973043,3.49849330838479,1.33119147280139,146.05686587799
137,4.02989984559169,1.09964718124302,3.4292396266361,0.656029702406813,145.575496519659
138,4.24890463655684,0.833401182414074,2.7617761311463,1.77491278718315,144.208520781579
139,2.87315160444772,1.07632862725223,4.11632911556454,0.555819565573539,144.190494157375
140,3.14199196914564,0.0422165177550095,1.96915524658891,0.356273313641714,146.758714198452
141,3.44411226074727,0.742416836115713,3.64998225413675,1.80450051866832,145.700921072186
142,3.23601285368811,0.636360795662404,3.77292855715127,0.88187516658504,146.014677826956
143,3.60902674403481,0.648012599424145,3.75614715555765,0.511431409758962,145.898348279521
144,3.93140670414147,0.975731878092746,2.9798749272381,0.158874794451747,146.160684068361
145,3.90468806774312,0.097790146125022,3.22126032344445,0.514109888470473,145.940313370169
146,3.66935504189724,0.756753580196255,3.16402330368087,0.468389912664479,146.346025820922
147,3.28888276981121,0.491601838077265,2.29510858749196,0.662579590843435,146.421609480089
148,3.50185491308097,0.844026439438422,3.2193368194662,0.47185438737158,146.330655890096
149,3.75378284777698,0.672050105079539,2.51230008306301,1.92332401000538,144.430738914901
150,2.291010760239,0.115945252645443,3.68137926172186,0.895752804582891,145.128424030819
151,3.22787947980924,0.191332128240664,4.50790439851722,0.994679702962577,145.522240452728
152,3.32547437573862,0.935208654540697,2.65172997165778,0.758502643917195,146.111169974681
153,3.94343696647128,1.11020518212183,4.55049123634019,1.0779570990159,144.401367091223
154,4.49188480199518,0.503258275236653,2.05462937443001,1.10992956617478,143.182300556654
155,3.3217451356339,0.852734638793503,1.94741714352558,0.261543184229758,146.059333835734
156,3.59842636524503,1.21026220665946,2.11827927033347,0.244467810954713,145.969818459437
157,3.78923719415231,0.380416267741257,2.12820014428817,0.617003173899412,145.825947348493
158,3.78888992410222,1.22183305311135,1.8911821657724,0.356078956595413,145.424511223678
159,3.59354315244454,1.59773039929732,2.79688161930668,1.21523843174275,144.965112982029
160,4.11848007488433,1.55280811938424,4.05128981449844,1.23804059153995,144.651229432976
161,3.63476994039774,0.646623992101727,2.62612077256716,0.390704576829387,146.607085138655
162,3.25975223322356,0.234519258912746,1.81758236571424,0.00691365588382526,146.788207834896
163,2.88597232614347,0.598415174879574,2.93663128959414,0.176164348783664,146.464970238157
164,3.09832198244677,0.603292177603753,3.28644573965035,0.72225921505311,146.377128378453
165,3.34617912959521,0.552858859552513,3.06892688963072,0.480895059493803,146.709224388556
166,3.57589747547856,0.5662399656859,3.97898212205145,1.22269853936782,145.776744897864
167,2.9502577153975,0.702717001695071,4.00534343027301,1.40833907442307,145.383700472948
168,4.07435772722953,0.97949801998567,3.48579212713533,0.047672463061168,145.459879685122
169,3.64414060469002,0.659212593696596,2.45432097084939,0.193512246717293,146.696562965022
170,3.58874945779059,0.969979183419703,3.15135873467766,1.05589184871304,145.978349668104
171,3.66297163178871,0.747218631197404,3.4706521694051,3.09354578593052,144.045870804091
172,4.10286628251923,1.63020091359757,5.59882583260721,3.06178379126475,143.108852633307
173,4.00576046713616,0.773787868431712,2.86193970172244,2.33735157471397,143.947137609027
174,2.93150725416636,0.901886506760245,3.54975733718887,2.70321161431445,144.095056505068
175,3.83735149636272,0.328434473867401,4.58612475606625,3.62045139060339,144.063711610993
176,2.55063290749889,0.739537256787318,4.07685361645241,3.2440684226229,143.064281214442
177,3.93426095210306,0.428314810483794,7.07386805703506,1.7698613323954,139.950256892693
178,3.17981121976482,0.154068883616583,3.29914113897445,0.955454392258923,146.79719693445
179,3.10720792967443,0.0513649783299158,3.79858581558357,1.92602644642647,146.261401134138
180,3.09488581951774,0.687216779342127,2.89844761029827,0.344328239556913,146.565700529238
181,3.57687994723875,1.21922547080046,2.98159797723467,0.149922940350045,146.159168745179
182,3.58338594250146,0.470050108416014,2.54346399039865,0.256421665996211,146.820747045521
183,3.17136398138553,0.164768339548455,3.13322406141396,0.0285855012822727,147.115307929307
184,2.95243472598573,0.0452413494189474,2.87845294295424,0.27239939857267,147.322574980191
185,3.43325647070409,0.695480503652278,4.40503887450801,1.49461863077133,145.329512835094
186,3.75866250560502,1.27186258752948,3.85367055155945,0.93146383146264,145.275046669989
187,3.62755899156821,0.973244083400934,3.23737082110561,0.532047846899488,146.154354557758
188,2.32605486008724,0.93001509240358,3.22241353161121,1.73054049878683,142.62325306156
189,3.28830382609064,0.294983213225923,4.67625638991895,2.02624157674885,145.449394555289
190,3.99872024327156,1.56528817403207,5.02726225322382,3.61052672734201,143.4387019305
191,3.17427192249608,0.950826910379026,6.15775669196686,3.18677261599819,143.106389635654
192,4.07815893033063,0.72835994637409,6.49975075149261,5.23932063485783,142.410501353685
193,3.2694523324022,2.11081767210138,6.63455802199282,3.48298038212694,140.237813803529
194,2.96907647303888,0.183950632256148,4.43641665866031,0.476959636174722,145.345073534202
195,3.10927406924976,0.295384614627488,4.58086497526141,1.66260048577878,145.535068305802
196,3.54316712461111,0.603323972025121,2.75629695570887,1.11967156203468,146.126079030221
197,3.05232951805342,0.00833635492770633,3.5236898512438,1.8279201559256,146.385050980257
198,3.62782623168289,0.829473653793911,3.59541250848465,1.23804967393851,145.853178839337
199,3.18987850641942,0.0786065751136824,3.52552796507803,2.31612375578241,145.854368071063
200,3.33099698685025,0.00300375784960606,4.7528460645233,4.46936856528777,143.98804567019
201,2.62711360463152,0.0178680546092155,5.59268089915583,3.03952013570014,144.468322377204
202,2.96459207477781,0.00567495548812346,4.08830517873287,3.5377031409744,144.846891779255
203,2.8352851910345,0.153023474095253,4.8428166578144,0.64338405327804,144.616632164958
204,2.88020037154592,0.0934615072932086,1.18882739326834,0.404756683347494,143.817013371224
205,2.82671355214465,0.359627908754094,2.30785356751827,0.348143058628197,146.624804197478
206,2.49002496918744,0.179084670594602,2.9018844909177,1.5506316393015,145.369889242603
207,2.48193117754749,0.320444315266658,3.07359237775615,0.249463794466014,145.919848543789
208,4.27826561659386,1.86731390479401,1.74122149569962,0.282955953436229,144.394534500171
209,3.97725083130101,0.610581672010172,3.01865224523912,0.0418481105917367,146.141560189864
210,4.06978214822457,0.0220472233485981,3.60256134708271,0.145405876860945,145.052662920321
211,3.62754323439061,0.151249997729447,2.60821720934923,0.574867250582354,146.605058489757
212,3.25250869599798,0.525772258784534,3.55368516563038,0.986450035596539,146.310903364806
213,3.60254486497757,1.43485466889364,2.34445148110855,0.902218743512578,145.148841637045
214,3.02117913868814,1.07220798740892,3.96897763610863,0.266340175690003,144.663570388947
215,3.45793696623805,1.57379049537204,4.26246246242099,4.03649166525185,142.493397772736
216,4.34334298664863,2.15728949623766,6.15894604278565,4.6624089518314,141.867692279205
217,4.80084878617695,3.09832013402644,5.07433816924316,0.846034275042667,141.112599635121
218,4.60379977098669,0.616956751195971,2.06845912312838,0.187613309006238,144.317864254935
219,3.27015832515729,0.53107497744923,3.20391201746394,0.228682766459218,146.698791041427
220,4.08746480128088,0.889283928244156,2.25819415656763,0.0800957264918083,146.033037109073
221,4.01228889193714,1.32242608052495,2.86558139189785,0.0770526813684879,145.993597014107
222,4.26292577059508,0.462129342474614,3.59337539640417,1.46258995262069,144.664363430782
223,2.9127359443746,0.391542656155022,4.36559703625275,1.34882236976183,145.472567426193
224,2.82417472607702,0.646034824137118,4.32052293579219,1.38836061476598,144.938839230174
225,3.46117965977111,0.164948645630934,2.68900661756857,0.750246496225704,146.7245976786
226,2.48188690938779,0.00896330279628703,2.41373041663702,0.592048669304018,146.367470542516
227,2.74930549490881,0.0489798888655073,3.54662360581631,0.650045244860118,146.610710073867
228,2.49547860760223,0.0331096608957708,2.90956590653298,2.03783211048243,145.051047839557
229,4.26740223234382,2.15658811574763,4.99645841483861,1.41705300849592,142.833358071806
230,3.54740784883283,0.857062041749958,3.82322623684891,1.33412741883636,145.702849929569
231,3.98666376642161,1.82507627961958,4.02136023578395,0.694845363570976,144.420425868193
232,4.37062272897249,2.22366787106666,3.91999613874239,0.600061216557223,144.016518264083
233,2.76160925980949,1.61101253812585,2.08773335724569,1.12068807148035,142.032970803338
234,4.05322089903967,0.353095237100862,2.57291120653807,0.767665266661409,145.55702033033
235,3.20440892715092,0.805982837954341,3.60992848003236,0.649842101718186,145.938288431662
236,3.34539891102422,0.274007516951092,2.37307889149271,1.55147762614562,145.385520728308
237,2.93123692698821,0.07648338200765,2.628619882401,1.84728162605157,145.546896143417
238,4.4851807949413,3.29942053900474,4.39101159710256,1.81651394112173,142.075732628295
239,4.90354275518216,1.23884979171595,5.01234136049367,1.93914773839413,142.066117571311
240,4.77739855072755,2.27248993185477,6.26670294690939,5.54890649347236,140.827690854468
241,4.21939735482994,1.59226628054078,5.04604204019394,4.40294467899016,142.584535835148
242,4.60510981622862,2.03758062227688,6.08700609695976,1.22200460213982,140.302837344481
243,3.47023531774752,1.29416261923619,3.41759368164981,1.69745501738664,145.122504401214
244,3.54879932946833,0.37065514457754,2.72727679759599,0.862922340312042,146.46934562073
245,2.53360706418413,0.39939297375533,2.80180437397915,0.488162105028397,145.913341385939
246,2.42055961384805,0.563914098616144,2.77448381464506,0.299726322786756,145.192164886415
247,2.93718388225467,0.00708450145933373,2.00238409698193,0.150711206617981,147.103946741333
248,3.8035629610323,0.278475515382683,1.6792753552947,0.248225369740393,145.427534721076
249,3.79302901847396,0.159977671551863,2.95900286109958,0.664368304266327,146.264493651704
250,3.85776505855273,0.0117245273088177,4.23963574316563,2.33359572155014,144.862405212486
251,3.24191738894338,0.230164743613148,4.1821009681725,1.2834607864974,145.994721960596
252,2.64755223557424,0.417217495556469,4.04781399780564,1.72084417962231,145.202389014049
253,3.43446341197437,0.00454047589253172,3.58858470960955,2.14555074551554,145.856264579151
254,3.46891604703504,0.440425952171183,3.68620762391327,2.96304855690746,144.798811015266
255,2.75480465981446,0.329192516924111,3.27379102724824,2.50334406035788,144.835422895824
256,3.92878733416258,0.284280382147905,5.03990377946013,3.22446421647882,144.080507012406
257,3.23393955523597,0.12066246710379,4.85916575178434,1.55594187973869,145.271394984016
258,3.65210822790189,0.354736222764677,4.05649488059769,1.93410933479956,145.561206882206
259,3.41277717877671,1.88443743168965,3.21145125682965,1.9276877944723,143.67044886266
260,4.6646014545251,2.76435614160095,4.51688350281758,2.11793879340033,142.801363744567
261,3.99158796621116,0.0841096466896521,3.71480886111637,2.21600092832378,144.68318107359
262,3.90226604195044,0.278445641169807,3.303473492902,2.62643537970664,144.255434500173
263,3.49658239572661,0.316583992130467,3.62461911659616,2.09368828522548,145.739807374343
264,2.50705392742893,0.492460408042374,2.75478517382277,2.28243411163892,143.44215192378
265,4.22195399450311,1.06112961624877,5.03039129263707,0.563977391698428,142.77804685746
266,3.03906213737959,1.22566314485857,5.04208987778305,1.62108955038593,143.305816591413
267,2.72781223385499,1.44414516767933,4.29567322493268,2.20570710656375,142.566076856621
268,4.5603153775947,1.53666184004882,3.52672650728925,2.04070403575451,143.911443243562
269,4.84809741915759,2.03040622478167,4.79589055419112,1.52845127394657,142.641401646157
270,4.89021907496431,1.49496627594793,4.44445526298522,2.32212340147245,142.815554759825
271,5.01476620142284,3.31298000649943,3.74135857132183,2.12201589126093,142.388691156863
272,4.13539015681137,1.2792762900472,4.08647152559321,0.548573322638448,144.595001446885
273,3.83188216370874,0.0338112597695346,2.81249814770953,0.532177862142812,146.228943718509
274,2.88518600438564,0.0821500109122364,3.90552406963714,0.116869781565509,146.129795514884
275,3.60168167486032,0.00618805775298201,2.23254183728728,0.408020273906142,146.552545913353
276,3.12668690272158,0.606585486054596,3.33561186942524,2.60479965021181,144.803806487644
277,2.80697116602716,0.611875231644962,5.15841591056763,2.76191114372435,144.169630080071
278,3.36052218864956,0.66215305095686,4.89691715513841,2.48563159107837,144.900491684433
279,3.45945524860891,1.2291125268119,5.10745570670818,3.04369465230841,144.003687149682
280,3.79971384178791,1.99695504091071,5.8148116434322,4.1180275359293,142.352974264462
281,4.08455184317671,2.31581057492663,4.93922419896088,5.78641070280581,139.655164928701
282,5.16134907245533,1.45251751488033,8.19493729938402,7.08722918244399,138.573094001847
283,3.77421760768328,0.592684639498464,10.081246432381,10.0381192110218,139.590753391821
284,2.79507904016908,0.430573627032355,11.3914983119682,9.15897582464394,139.343121273797
285,3.38339207393564,0.238747226259458,11.8394705863014,12.6455339878465,138.230720425387
286,2.92614043796004,0.321395838867424,12.8082450240619,12.0918379937666,138.777760456228
287,2.91026858043338,0.437990110198157,12.1122752834314,8.85972527300681,138.374803751242
288,2.71462521664706,0.0588090725135577,11.1506311291229,10.5247142757564,139.890027445769
289,3.75050140054939,0.728905438176741,9.74542267983786,7.94718226844876,140.524799991668
290,3.14158112920726,0.751400816869843,7.13126507392607,7.02484081617615,141.610633678302
291,3.58137323124596,1.57236042045568,6.22583595921507,5.21358816025495,142.185474231006
292,5.09095280528057,1.41591353647136,7.31890823624226,4.68011108164256,139.547649176671
293,4.06350836375499,0.79236499494842,5.61785322415884,2.8579674123412,143.422869551434
294,3.94919184511488,1.22005417606156,5.76524535149861,3.54438919424281,143.360731555317
295,4.48360625509138,0.309832883700091,6.77164419076778,3.55187743220197,140.740765719856
296,3.33892445844268,0.544112804565442,5.01754515239773,1.9553191070212,144.821969959718
297,3.4786870250725,1.08147965770923,4.22965483936726,0.891009316773432,145.014444102866
298,3.51540126999211,0.574450141680721,7.07862333865149,2.70074456041466,141.639680016012
299,3.89129472757486,0.89124284883566,6.43361683950644,5.75508409452102,142.348450182338
300,3.20631746015465,1.05214459087693,6.67567687543887,2.95618453505684,142.029004998901
301,4.00458214872666,2.31536803266871,5.85335411242608,2.06941222313377,141.497848819667
302,5.34993597891278,0.672573273227683,3.54526993089126,1.50437170293233,140.951503623358
303,5.37462936508477,2.79559492775104,3.97932127834828,1.62898813600085,142.49932698808
304,3.81340778678094,1.04388311411832,2.56633284820153,1.84298377557249,144.431099434136
305,2.68157671162219,0.823532559133241,3.4138957464348,3.62954487216319,141.913756266169
306,4.49814153428313,1.84398711089426,3.9020650319837,2.74829894760152,143.405802531673
307,4.72376940585875,2.25809698273888,5.04104003892541,3.53856912098864,142.38349823927
308,4.14733718390585,0.644262076401193,4.52428389785914,2.14860372630595,144.293809537413
309,2.50025533601473,0.0339021351199384,5.16943717777718,2.00043922185741,144.432480270119
310,3.84668158817288,0.539038267286067,4.66513717250506,2.3625522505972,144.73694471749
311,4.16240011400387,1.42518019138165,3.80171198143123,0.10077222111613,144.761540906324
312,3.45423103466528,0.242858739439396,3.65372513368897,0.993847284504839,146.346303276673
313,2.89156655411409,0.302071541496952,3.86503626585475,0.979229346379624,146.102840417659
314,2.91272984069652,0.0769979961673139,4.63496925334042,3.3492450988303,145.162507726733
315,2.91986975267965,0.794111904635824,3.95482814665096,2.11865652495343,144.940743845157
316,3.97380398731024,0.385667764826539,3.04732505998582,1.67287539771658,145.114218286568
317,2.3225969747349,0.434134686069348,3.90280943323997,1.85837111605658,144.030496064727
318,3.28985265093704,0.187170865748971,3.12458135885692,1.84336009212874,146.01172246321
319,3.27600316631969,0.474937380676235,4.61550631052248,2.08994879554207,145.358363584543
320,3.17775281983624,0.465144390193516,4.93339017482464,3.05767043344638,144.934065714379
321,4.4135187879594,1.69834028628285,5.24026618151667,3.58010085275626,142.930425190395
322,3.84555376616265,1.75932395882016,4.47309819042353,1.73924792381082,144.106908883361
323,4.75361004516364,1.56407314174029,3.52677342865929,2.51201124738762,143.024316017005
324,3.97304475968654,2.66558723382159,3.35823736190505,2.48189064822025,142.3676867132
325,5.18723388122605,2.14590687979689,4.26119951121518,2.97317757685354,142.012411666476
326,3.67694052384676,1.13200330925318,5.33061058442197,1.76047020747222,143.658435591858
327,3.31555966264397,1.06790703713202,2.66260025583095,0.2398590391427,146.302643425467
328,3.2528960630773,0.0163909561198046,4.62963533480011,3.19704793777776,145.296349920533
329,2.81288395239175,0.331032117601046,4.57325537523297,3.42193443344513,144.62889703624
330,3.07246215801893,0.42694443867804,4.97429275099911,1.57685070541748,144.808787353358
331,3.19779735022544,0.0740470428601893,2.48829782467479,1.80265099999984,145.383429435939
332,4.03971003222628,2.34862059214549,3.68234357368772,0.749081902332399,144.113004079679
333,4.39688881927998,0.773649669177891,2.59956433302139,1.06043896136574,144.579151146287
334,2.67458870144807,0.901281371957299,2.5617547656841,0.846579213513446,144.793280978805
335,3.44636745594283,1.40088466260331,2.32752180618119,1.62398182195455,143.923939695258
336,4.01639255846997,1.93079252125386,3.71283963915862,1.1817372956968,144.627282162471
337,2.90719867424429,0.634797282161769,3.20639380674652,0.667742419841796,146.141195526464
338,3.54207814491353,0.677353409248564,3.0551902284599,1.92060913000146,145.391784052345
339,3.83395992711401,0.513180780497042,3.73131952620035,2.04662863358971,145.274075306149
340,2.95016518067946,0.189824269904602,3.88381372834408,0.84167510178682,146.281528605989
341,3.44032965082254,0.527539237937249,3.97889135739372,1.50570363293291,145.862329446127
342,2.69079108165635,0.13532579894877,3.90706778878853,0.086081206341226,145.78738334096
343,3.60946001491972,0.85606171695774,3.36351638157767,0.706366192896766,146.133793502127
344,4.03404798068449,1.42910721555512,3.90343786982036,3.05735714809825,143.782251218138
345,3.39198202485042,1.82282497230415,4.44224819698849,1.97586809678621,143.529485426831
346,4.93742844264276,2.23831852662371,3.11421919010348,0.146772885856013,144.241695776786
347,4.46589467291631,1.39690123710175,2.0393781359334,0.00170936700157323,145.221116780374
348,4.51288879290952,1.12584036852344,2.85335544562149,0.635076719461619,144.926350921396
349,3.32426491935488,0.138363982771986,2.31719655616824,0.888104916692236,146.400553553177
350,3.41830883071705,0.406912712871505,5.80580357490295,3.09174804615215,144.195677054766
351,3.67630165112329,0.0921348585473899,5.05244382369044,0.754896167992908,143.886799117533
352,2.76593477184365,0.539247598334795,5.4401516588903,1.37611151655084,143.265174529866
353,3.64251067013662,0.483677830557132,6.24685917410873,4.89375500181406,143.386240594966
354,3.98563422989741,0.73901392581693,5.77437161251416,4.31980370819559,143.256116466488
355,3.70754753849165,0.440714513138363,4.96272485540989,0.810986819073747,144.042967404265
356,4.96986033909428,3.98745806837005,3.80166382830102,2.64143511737643,140.903764746714
357,5.53420339949108,2.60133348364777,5.73960453706339,3.86146369960976,140.466260187806
358,4.90104406959531,2.92386670019291,4.97411222005062,3.85727351928883,141.552324704717
359,4.87384792866803,0.842915338775166,3.61854033054166,4.53354066799053,138.785806131495
360,4.44750883895289,1.10352065942015,7.52547473191467,3.70390784613615,140.204126029002
361,2.99202264480959,0.105423922623558,2.77501257618675,2.11587472100129,145.3415303941
362,2.76724801798958,0.544956509578474,5.05182506929568,1.21367757402973,143.861164768606
363,4.98953461862494,1.37506675273785,3.60691105429792,1.39434775814949,143.216907994176
364,4.23375199365899,2.52319829754119,3.47624097114141,0.521019661089764,144.14831471805
365,4.51566074845512,0.917916299321966,3.45580226885692,1.09972631619109,144.445993198798
366,4.39031638798271,2.46076575741232,2.30206489793193,0.557835886824284,144.33659767004
367,4.3133609718086,0.938119580973441,2.74255608793106,1.06216497833283,144.947641211103
368,4.44650066579809,1.55085156106275,3.41604870572126,0.810201552104484,144.826062061143
369,3.45551994823681,0.72227123086551,1.66665198247355,0.476168744662671,145.209554848898
370,3.05163840197286,0.613564784448496,3.38620857020456,1.21794012671507,146.074989384224
371,3.43540264357364,0.0330994634732732,4.7806406526548,2.9749882387623,145.184039664246
372,2.78680452238254,0.668071808791657,5.01455028747777,2.17145441799569,144.119492933062
373,4.09734653668404,1.80515770224263,5.67685060631669,2.21818827929956,142.57669846122
374,4.60342482076604,1.64036087783884,5.61255115635925,5.05436142946273,141.54804411793
375,4.79309781274407,2.43907414997895,6.70780475583138,3.95812109012668,140.863051205187
376,3.85087943014957,1.84128981147827,3.43481950419874,1.66120011798269,144.572319080621
377,4.26379743362576,3.42870077320227,4.32827373308201,3.28813693297482,140.760443227817
378,5.10499263014751,1.53988002070903,5.20317137111153,1.96898983745506,141.439065984471
379,2.79960307241489,0.774591483747291,3.53862306792686,2.43950922801388,144.364193863442
380,3.28443581248215,0.537878733012092,2.46135663647916,0.718946204888921,146.477312410939
381,3.11010967916233,1.48384894899169,1.96131917414499,0.525899398757024,144.270168435782
382,4.41348059248344,1.40812659988294,2.99557816306659,0.312128910378827,145.285147388969
383,2.76249965266654,0.0538088276646902,2.77094522794043,0.43062746842149,147.097210260733
384,2.74594733187137,0.526125314884537,2.23316527038366,0.0514577873043255,146.395624980274
385,3.64110217062353,0.578430534627921,5.03649527675711,2.36911773701164,144.669548192485
386,3.82985404337318,0.940928308022276,4.5140200621491,1.31305757982122,144.738303431462
387,4.41582380175906,0.578762973127983,3.15008876051909,0.905452496120745,144.706136202664
388,2.43401639257702,0.0960653365479895,3.72793430089449,0.612189150844355,145.642659900579
389,2.28790721241414,0.582221655479677,2.46062330198923,0.803738836397699,143.996667739588
390,3.05774745869542,0.201505950306465,2.33162169848457,0.46136031216772,146.950979966888
391,3.98331858799361,0.53997685559849,2.88918467692398,1.32525135987953,145.395959201384
392,3.78025857243956,0.79674258603766,3.90638881871136,1.32171869881694,145.516869373532
393,3.77470843855382,0.73662075122785,4.20389400357395,2.71416765649004,144.823464261126
394,3.64695244961937,0.0271060552153434,3.78466174798717,2.75169071992109,144.975647997048
395,3.48095393391001,0.267783915594399,4.69968885225072,2.39905827517727,145.275107460245
396,3.40616323508511,0.21328112006195,3.80235494876532,2.40747662077963,145.639967571177
397,3.45224658002499,0.781728687954185,5.05665612686812,3.42610158473695,144.421517609205
398,3.61573315547188,1.51713046280105,4.64362581886605,5.46444183648516,140.748029569755
399,3.70336716581656,1.87209837207552,7.47610325951864,4.35004607801326,140.800000573471
400,3.65195165109959,1.25211667177293,6.41938231367129,4.17373641467681,142.877081053824
401,4.5169941245582,0.606011126601829,6.5057475846003,1.76174398687641,139.861693975833
402,2.5457524919372,0.338521081841873,6.71018780121078,6.83678007258367,141.224922006395
403,2.72862602342454,0.0547577003648665,9.90536223604238,6.35825272588595,140.163625696855
404,2.83803119093231,0.202850327550348,5.17660399079912,4.70313221536494,143.775598962973
405,2.82869565436977,0.137256792214763,6.96703353461909,3.98976023430826,143.161750529989
406,2.80419954618445,0.237023602191709,5.55222784002019,4.08239381638308,144.230773838513
407,2.55678544296977,0.0339118486838457,4.83507114834871,1.20324868639093,144.723517302347
408,3.64315230481245,0.0415245548444785,3.79123116576532,2.08786952953723,145.579950513512
409,3.49688629056323,0.084613323983597,3.82254549798585,0.11229723818834,146.019728679553
410,2.8744187150403,0.208161253870539,1.38149379276636,0.372912778959279,144.730455367494
411,3.47834678101711,0.170795947167873,3.83269296382593,0.221551053981215,146.051490264463
412,4.02272766462722,2.05225160569307,1.91869862352239,1.4782984458004,142.489182874424
413,3.97265493643454,0.0427024440982115,4.73694995379293,2.32249612772864,144.276646545449
414,3.31083133433275,0.0248070056307318,5.05536050190936,3.6295192435359,144.90707824247
415,3.42806079231183,0.30886250343955,5.60370069787236,2.14199967907234,144.161766121368
416,3.50047763329701,0.410812284269022,2.84310940030708,2.38974908058931,144.600230905136
417,2.83283238519434,0.483331729536587,3.09893287618432,1.5174063924221,145.739360844236
418,3.43145760509049,1.82293155755283,3.29381453936932,0.815258480413146,144.647248400134
419,4.3501532920841,0.747656546916061,5.07177429694638,1.81658262897826,143.182033535119
420,3.68656782984349,1.47810811991506,5.45753269306621,1.95625708252245,143.173926774219
421,3.12387809831856,0.135792268759462,5.25811727197977,2.74438384772598,145.059269776216
422,2.83730936188673,0.688862341910405,3.31234734807795,1.2951742852407,145.570682289214
423,4.02687464236286,1.0471150540851,3.41906947031573,0.299073875598106,145.625779624175
424,3.54083638780632,0.0398306821466104,3.48019458051861,1.19388085836204,146.323902391245
425,3.82553988539175,1.68611008411951,2.79898552750143,1.44635551046893,144.69740448407
426,3.80515781438091,0.455649682370522,2.63826763622057,0.12775417207149,146.599211389177
427,2.5406668879263,0.0955716425994975,2.80004684328596,0.568554723791218,146.523670505301
428,2.49749130008252,0.130030900218649,2.73257254158637,0.29696264704037,146.504355022682
429,3.01112469356613,0.122903621898083,2.30163807138527,1.24516480952208,145.941128424708
430,2.49436250341154,0.2413204770945,5.07225688986934,2.85030424456475,144.187909039983
431,3.08789805869244,0.400858037928895,4.56030056261489,2.46314136610794,145.369726104373
432,3.09119559566867,0.307127315434718,3.69129014229796,3.79681383854664,143.689519224293
433,2.73465723731851,0.419450957510933,5.79641767837834,5.0523446801509,143.09805344699
434,3.28591229246958,0.655627593865555,6.35032339852904,3.19553192384772,143.321617312303
435,3.70649895482145,0.278267517968045,5.22147563092818,2.88386637249315,144.477264618877
436,2.66376950130937,0.337217188335586,3.64822290385438,0.486312819148682,145.852724969581
437,3.4133398660637,0.393976144187701,3.38438558472472,0.0303655798677908,146.574411048734
438,3.27372228484648,0.202872064563394,1.62425705017765,0.0393396937771215,146.325190630718
439,3.10243626913562,1.93258011868391,1.26704280770798,0.281171027552646,141.252983074927
440,5.39149617049366,2.30496203498373,4.92282231138848,1.78591031687089,141.430593780628
441,3.55989148269596,1.24265118403101,2.65547998155072,1.3788588031858,145.133086785866
442,3.74490056674154,0.581701177758066,3.08208219938262,1.53511990652705,145.688311526688
443,3.72477497093254,0.905406663609103,2.49680538360139,2.13913866234908,143.907326567101
444,4.49975964596618,0.811952588565516,3.91756963886533,1.62151140278919,144.009658739118
445,3.4859886748648,0.0421309669194197,2.85896530372615,0.604573321838331,146.857713747947
446,3.01305888054601,0.174638999916468,3.85032925119218,2.98057139035043,145.212520463614
447,2.61480228582369,0.570291857610231,4.5706646731087,1.8975923649314,144.323320644635
448,3.3379335340107,0.355667546806295,2.80769608026362,0.502715297108607,146.930498937502
449,3.51786859423217,0.0165404521945053,2.59109459765559,0.51493247184457,146.836148502475
450,3.54046509807717,0.354836795933098,3.83587074126772,2.05453474030314,145.710601884924
451,4.03296795617762,0.0139227748092931,2.97482918436253,1.93050396517407,144.407658048066
452,2.45172029165694,0.574685913703487,3.56128197265993,0.447726346862576,144.728936875651
453,2.94493095385879,0.682509411015545,3.13367147934143,1.85941583865395,145.24213061806
454,3.22592290421925,0.698164596870251,3.75550958057734,0.745575456626225,145.949409017027
455,3.25537522614303,0.0736025477117447,3.33772497572574,1.4106574382848,146.558656309382
456,2.76222953065451,0.0793939723439105,2.9052386827353,1.09363059403654,146.595285856612
457,4.14009269698755,0.283601112535204,3.62350432227291,0.697743259505819,145.066225526302
458,3.24535070871076,1.52084449026066,2.35375584478205,0.877824694853262,144.612948383061
459,4.1969692929377,1.59066092968718,2.83999138834239,1.85593666440395,144.146788864216
460,4.163725209131,0.962253048471356,4.26838696034644,0.0811754023490722,144.040650115756
461,4.05768185636249,0.980516062090193,2.53565661671943,1.42456059374868,144.777847650887
462,3.33372520599468,1.05746279701606,2.92275382268,1.07989062658259,145.768836495025
463,3.90133656820971,1.4136797455106,4.04198791125254,1.43933538864713,144.895670053309
464,3.44495381564538,0.52070288782236,3.84242659409137,0.398528834868228,145.952327714515
465,2.68247289997154,0.38639062637612,2.27150074272273,0.675167100636221,145.888191450784
466,2.98749530985341,0.223514634502516,4.26309373057005,3.38976026064255,144.907346106982
467,3.13271518871197,0.134403976361906,5.58139924524006,3.60845372910319,144.716540959763
468,3.53430282804995,0.418182792113902,5.01630083318967,1.36821967029999,144.543233635827
469,3.28335845133507,0.787737808197529,5.01754919380769,1.7804926873411,144.491565609953
470,3.6549087442306,0.186483608074329,2.88180685901297,0.470273754387384,146.649132656353
471,2.75006616446595,0.561069877482365,3.38132561733046,0.446168870178255,145.884790601798
472,3.73362813625155,0.853552219114254,4.69842515816517,5.74216162504251,140.921646279724
473,3.66630717971375,2.39742752864269,4.94860242858946,2.95364745112336,142.212256478289
474,3.53302707820965,2.82675661458319,3.84694127851858,3.00909581037787,140.678329935762
475,4.88329025290732,1.49640736383795,4.43872971657529,0.429123283769254,142.473055051865
476,3.6856545228513,0.733248354701167,4.1053744294511,0.812024218959525,145.397970965073
477,2.84479520963995,0.339264055298603,4.51807825546107,1.4279130414906,145.288817920485
478,2.00247163123791,0.101142738636302,4.12349246974805,1.15708927646153,143.228867669077
479,3.69537847570431,0.856553955013099,2.18989037247819,0.0820093382001874,146.495557946609
480,3.40672906841304,0.569406914549607,3.1021865140129,0.481891156531814,146.663342837127
481,3.00024910026266,0.1389953514228,2.57925777136173,0.0920839046768957,147.392538347094
482,3.13084677204497,1.39486275786441,2.52606430843608,0.873675652302615,144.833258463558
483,3.43081425199408,0.78852261975191,1.86870981645777,0.753000124162822,145.211614688652
484,3.41080226993446,0.698404932369444,3.68584773102912,0.237783836413968,145.989966361095
485,3.71976226178327,1.8036205337288,2.4417619772299,1.06250230408329,144.585217971701
486,4.11369420420965,1.00088991237265,2.25445625531184,0.0627186347987341,145.991752169505
487,3.38497880720752,1.00988066130915,1.73766990890934,0.0197037362882216,145.829343551447
488,4.02383865625927,0.171560846599997,2.84788288457262,0.376918685676112,145.88622685284
489,3.61065071431925,0.423580782608666,2.69524853076414,0.243586496754289,146.820826713912
490,3.67551559057646,0.142161926589653,3.21907012948017,0.158399974083788,146.500605927547
491,2.58014351151478,0.000349363166092273,3.32981037220776,0.383150502517659,146.613509923671
492,2.56595255857592,0.231274244695392,3.87626267413665,1.05339408446998,145.602396708355
493,2.4955316066627,0.0695151674455236,4.2641321064566,1.92307426901556,145.313235107966
494,3.17811988518154,1.04469725040854,3.72619082513963,3.27012213119605,143.639628307348
495,2.53294439894147,0.506769116012667,3.87133040298975,2.98844632853391,143.759206668095
496,3.32513970069215,0.88203290091957,4.42464876991425,0.283689245004932,144.568251567191
497,3.65451256760191,0.185189283990475,1.85143031125935,0.673522583252055,145.413388979775
498,2.98788811896048,0.159212262226963,1.9578969280757,0.0461569698413677,147.025518183903
499,2.79526092095883,0.0504508556881367,3.22880443016256,0.366669426902071,146.965163641493
500,2.89090853984173,0.228558390824914,2.33229259547549,0.350737209676072,146.922823597991
501,3.56504360784955,0.255270722608465,1.82136073108141,0.408690182282146,145.915513512059
502,2.74137066936748,0.0303042463679918,2.13446553237421,0.0781856642809445,147.138373316468
503,2.95032563601908,0.149577289380889,3.01551905608916,0.345440251090632,147.116200387338
504,3.10171689018422,0.314410802731668,2.66534712339547,0.497720588479278,146.981326473051
505,3.01357732358638,0.069604133650466,3.04800062586608,0.487494881414182,147.165527669116
506,2.73820073248193,0.0643421510697763,2.83440946009428,1.25194425772854,146.39908258352
507,3.09402126017416,0.115629952487128,3.25316087100587,0.179227109829256,147.047097663342
508,3.45565372999181,0.921035333982324,1.87809572607956,0.575961673009269,145.401437125002
509,3.52911526962821,0.939980331698247,3.64577623900636,1.31136540654915,145.743046045194
510,3.76892993418451,0.90918680758767,2.93203571953183,0.116094969695815,146.404462751246
511,2.26779595589,0.751918954143052,2.48732224976606,1.63225184036613,142.240308393147
512,4.85321522740252,1.83439153155053,5.45339434400144,2.05857996415985,141.870536925141
513,3.6582546129636,0.432859488284135,4.04726943923383,1.28334344197777,145.671391540274
514,3.05006025814065,0.291871122619959,4.17844094638104,3.77528762727847,144.324021475449
515,3.60729214893283,0.782950679502898,5.18363806089973,4.22756048125172,143.809697874676
516,3.41487628185606,0.247563177000173,6.44607456876149,4.46561056885165,143.740996790909
517,3.26858237890718,0.169548776720143,6.73905651392574,1.42603038008192,141.275164849933
518,3.6000477672961,1.02014360989266,1.3301431623685,1.33749023714717,141.335100876856
519,3.41914710593125,0.764855739352736,4.45149380908143,2.7027751263968,144.996348958
520,3.43007464037011,0.309944386821403,3.67845021903245,2.7512270330549,145.161458178387
521,3.19859611522214,0.887498948359679,4.512109522203,1.21199068514787,144.809605714154
522,3.69029409805284,0.840962111200754,4.34404478761629,1.00715071708969,145.060428965735
523,3.34292051996593,0.009751849992773,2.3413715581777,0.121328787814458,147.29310913626
524,3.35958125696235,0.223527761946842,3.24824289786875,2.5107572863736,145.1969964686
525,3.35648941468848,1.2686353584561,3.16158207452264,2.38086166404433,144.150594644581
526,3.72683022472763,0.0561584432406221,3.48272122075428,2.61045607654892,144.780958396226
527,3.57173049810443,0.531146918579482,4.2521525202219,0.488609780357561,145.25832247534
528,3.32690658893786,1.03713067906388,1.55853025707128,0.895260656394622,143.550226217828
529,3.25189269526346,1.09210476915477,3.32175123484795,0.699991220410391,145.774045110098
530,4.17574608343788,0.46089968264004,2.9666008026243,1.19403211201914,145.087121092519
531,3.71629509072086,0.386179073553063,3.05683624535306,0.483190427636381,146.469939078635
532,3.17769584970962,0.859090786110415,1.60786719810458,0.246750379872157,145.18379373843
533,4.14068260146276,1.65596182135087,3.65525343627681,0.902379484980507,144.945385940746
534,4.01469724934203,3.3440937147429,5.40000637786835,1.73207908917037,139.818833660474
535,5.05706662119025,2.77926930226141,4.68935052954371,2.32445766050856,142.326052703894
536,4.97620895974967,1.49068080809075,4.49357884477962,2.70575922969044,142.405136531144
537,5.24276126178348,2.8452237874338,3.47553030185881,1.82787860628094,142.728649245858
538,5.24814903491232,3.52914488991421,3.09757885216797,1.2203861780922,142.687403519699
539,5.04374739909622,1.46924551465093,2.78630106066916,1.09118496489081,143.305119366141
540,3.15768854784295,0.0592618559219546,3.33559480287166,0.26554447704684,146.999262533286
541,3.49624467082072,0.68794320848114,2.36106844750547,0.0972810500507592,146.820673852257
542,3.38850609667996,0.14227722002318,2.51669692612168,0.685886790583213,146.779887367614
543,3.74681305304918,0.117367954943599,3.22624516759284,1.43892551368576,145.834970322347
544,2.8942380114458,0.412481039385647,4.85233992278435,1.43269013976658,144.774472531668
545,2.66356309946327,0.867564876028519,3.40191777768516,0.747242329675692,144.879131066071
546,2.5568481578786,0.672489291933893,3.89263912655673,0.450355352748146,144.463416465985
547,2.81804876266016,0.586974271316189,4.40471743965588,2.40246312849558,144.841246630823
548,3.4774534674156,0.696937342530569,4.89464755414032,0.438085366286763,143.949002781815
549,3.70063620944371,1.54992191734306,3.28212013252336,0.387897937985885,145.511712115028
550,4.23787130894833,0.33384968355616,1.80851943810219,0.417989672614018,144.428306593278
551,2.26868876993985,0.395794781060911,2.08958610615758,0.363273629925876,144.552778203785
552,2.02299182156227,0.189653428708587,3.03736134751127,0.462849227611678,144.054185855263
553,4.10270452246165,1.35934639862944,1.94356968578379,0.498558098543011,144.979220978635
554,3.99357870440591,1.92950163906598,3.4787484698546,1.1596702422882,144.766306021833
555,4.13666717032352,0.926175480889729,3.14002231880716,2.61089064855155,143.679864250693
556,3.89761789031269,0.945523670871232,3.01911591779214,0.613911429950541,146.033589338126
557,3.23852361767772,1.22268166598458,2.34020783716628,0.649361666996495,145.452364718412
558,5.06776362218057,3.92487960832815,3.9828561517651,1.41016274332332,141.745613351562
559,6.88035581298478,5.15732688470979,3.18189479635342,1.89873636830512,139.389098545799
560,6.11320065208532,4.79754116865602,4.90675029238948,4.17729866066221,138.712349004299
561,5.30443103427701,2.92532762779822,3.80472068240388,3.0137387602491,141.543068605013
562,6.02436583909776,4.34619176661777,3.67291731730204,2.16367595659638,140.751935492414
563,5.33628789467225,3.84110100162471,4.2448039535723,0.794559648240689,141.527062437535
564,5.11082534290926,3.50187488660453,4.45871616709939,0.826445404314327,141.671368849552
565,5.35350553151036,1.60875080198468,3.2993588908631,0.774116546523995,142.656649046317
566,5.43527422720393,2.23771124077789,3.12782135746695,0.530167216090868,143.062375945464
567,4.5408764797814,2.75978777152898,3.0494126172634,0.36905799556806,144.2233384795
568,4.11276427721058,0.237562181410526,1.86292569756145,0.427391946751471,144.830038482549
569,4.20735570530402,1.46290187515429,2.07256480855323,1.2005763694579,143.917660623929
570,3.49874820486004,0.726441201848128,2.50344360085472,1.59444526084233,145.148005763549
571,3.34631463616647,0.477985926741903,3.81104075260301,1.78586452378379,145.930822244139
572,3.41326345907254,1.68924852310655,3.48640802940249,1.38930908974967,144.567864045849
573,4.11196513905524,0.401898515214768,3.46859607100044,0.738650752271177,145.333917582183
574,4.21015952210549,2.61152385192892,3.20150633635593,0.691182051804648,144.16082932379
575,4.37529886806315,2.71251429227272,2.9704455306771,1.04765562390866,143.913162041346
576,5.20706613099159,3.4125772274913,2.92372301635739,0.814698989320537,143.101087843369
577,4.84418505093047,1.75546069081328,3.55179412321454,0.893306624313923,143.956277135478
578,4.7195800776247,1.8328026963561,3.08413825581212,0.111444110181667,144.694400181272
579,5.05476007043833,2.91233285495589,3.43579600000525,2.37286815930275,142.369921440626
580,5.00366783648667,0.132744860270679,3.41361233814496,1.692260357641,141.400273488517
581,2.28372292274982,0.0452273130225043,3.60516432300377,3.10895797758184,143.562187241361
582,2.84051999993642,0.108320499793388,4.57521720913163,1.72695752956067,145.606075055816
583,3.10763081859781,0.370883675473747,2.28038498602342,0.789464524673483,146.337323000042
584,2.86899731420611,0.632270999140118,3.74571154179255,1.91304998425303,145.308663173913
585,3.43887362280077,1.07770731054604,3.6444520047276,2.9564528991856,144.18135719993
586,4.14678578487322,0.958438285799914,4.08602042419528,2.16388191930236,144.574575670836
587,3.69035905975216,0.760069550617315,3.65909521572476,1.03262784127369,145.863035060381
588,3.55850080614054,0.934329100748246,4.50647659880329,0.70198485211352,144.660089686966
589,3.99933791557537,0.308722783086976,4.16668516581559,2.81556716466426,144.33638164527
590,3.6374500032626,0.925250007736631,4.0967154051945,2.78282984302128,144.764667230965
591,3.1085130921636,0.00583326732674455,3.41880133442845,1.60521375889154,146.5372424434
592,3.18893584799136,0.149646231867649,3.41886134857548,1.12721813669095,146.678706170087
593,4.05527369811889,0.481168988692326,3.51229160435411,0.270100583741049,145.466948309271
594,3.31325039094885,0.241027432146251,2.6287855664037,1.59246999121952,145.784408159339
595,3.503035008063,0.290758942456651,2.48633390121801,1.218355067005,145.938561012823
596,3.75443146129181,1.16143857868658,3.54354206661732,0.650039741393246,145.683540092813
597,3.23162229076226,0.615331862633059,4.17732439297109,2.54257063036236,145.279754037837
598,2.69086582798135,0.849091633384664,4.3754874127145,0.54975669952464,143.765732308052
599,3.28132995301703,0.432116724020176,1.53700706120675,0.220004237211715,145.566771742501
600,3.36046252236996,0.757834096044384,3.02093147242178,2.71577862147799,144.110687760882
601,3.68151624134827,0.711637859539252,3.39744418447477,0.906121569152271,146.097835450623
602,3.74519450401422,0.167739860414986,2.58751476263159,0.103174447501429,146.716470541542
603,2.93561161725928,0.468464504381697,2.12693932793074,0.308881514850883,146.469682213357
604,3.05135407429343,0.143153120583744,1.65060104014769,1.34319638486206,143.838061076872
605,3.41631000669618,0.0135104766342711,3.13383423176068,1.36219421930595,146.441144040376
606,2.22681337513338,0.394760864036242,3.51917855634335,0.191166890397629,144.214070178421
607,2.96486186459131,0.322686624409608,3.20236629928486,0.805475010435457,146.654542274533
608,3.3849258456303,0.211347843023107,3.9003549019915,1.39839664720519,146.168736623979
609,3.96914383835417,0.621463547297452,2.91066142343286,1.23083026699163,145.535505724654
610,2.86619858839901,0.00601115349115536,2.68232705629638,1.39488051890337,146.319807731193
611,3.56079920214114,1.10929092472792,2.96743311644016,0.942734141720722,145.913143194251
612,3.74696007286082,0.0496900198414173,4.60721838650934,0.35939091268556,144.308852320333
613,3.0917292461066,0.251627469122094,4.21530506986806,1.51942388029279,145.956271473363
614,3.23901512123796,0.781674559064359,4.36646082359128,1.51649968822836,145.238975084329
615,3.26680660545903,0.819219480317461,4.30190780572179,1.72122080396618,145.270672146395
616,3.57385773689537,0.121191825207445,4.39122188019225,0.96164691364971,145.36826947296
617,2.41754441561623,0.0373046864749453,3.56698373074335,0.955917329013975,145.848704399649
618,4.02381931734158,0.00846661029607939,2.6410811458596,1.90071523396973,144.025445601837
619,3.00549901588053,0.0219255851722947,3.44770998248654,0.0941435544833471,146.906905205453
620,3.18227911968702,0.4406646114242,3.59668637274266,0.842431329270485,146.381525761699
621,2.70391624569248,0.254578749854511,3.20518078111789,0.754081933645142,146.41271428875
622,3.2793954873559,0.209858923464406,3.01930328835879,0.79170669590327,146.871043618312
623,3.03858174232954,0.366062445109204,2.39981709156122,0.360211478456497,146.901433379865
624,3.19899458610707,0.705486991361242,2.84667731110996,0.681390103978934,146.45071736256
625,3.44113562651477,0.747423410365715,2.5159185155683,0.0172248329021978,146.870272296969
626,4.08513703552555,0.315712481387345,1.44707434342913,1.35096905733013,141.422236682105
627,3.78972612279003,1.65436450465001,7.27269956449899,3.06031505545947,140.510581025674
628,4.63780522285187,1.5974973014009,2.87231769212723,1.08262073120383,144.408859788417
629,2.89613640173801,0.559382052896665,2.83905751858459,1.85330895405307,145.105996020972
630,2.13622231929391,0.0478489735660385,3.08639929996745,0.257508854890329,145.157551601838
631,3.02793816593329,0.536275099917511,2.29363807980211,1.23739982053078,145.433306942041
632,2.82476012743625,0.688653317864984,3.50039621599994,1.50361983403557,145.392529661561
633,3.22249925742229,0.411141658511218,3.07522212902526,1.99244368478234,145.633222631908
634,3.31796118602091,0.389056068586042,4.07122750051802,1.12702940720381,145.95594698365
635,3.47916222834223,0.994281239176884,3.60184861971021,1.56682743543898,145.588406802622
636,3.64558082664689,0.707364068126383,3.65135600422578,0.865903120956884,145.960166854793
637,4.25691010457198,1.44319330267755,2.8530499324878,0.139952729130158,145.646924647118
638,3.46250121659925,1.154797692681,3.28690209235981,0.959966703398757,145.776558815701
639,3.08486760024678,0.133099902789637,3.6008014670042,0.551594488703394,146.682559235559
640,4.61698511093852,0.304871273504437,2.13048802198321,0.0699735717232934,144.133003580013
641,2.70981412019372,0.00517904604307524,4.02922486966346,2.42275310826978,145.73223758564
642,3.19889822681665,0.0196039895061022,4.59488482713543,2.83514683673285,145.54846581308
643,3.3969428753586,0.805560489223203,2.57878597388652,2.08338621272437,144.386143178005
644,3.24335590700987,0.674757091250351,3.98914053896888,2.92311419418258,144.868412081609
645,3.52177156776311,1.14368961358658,4.8453137507764,4.11311919834429,143.497485089689
646,4.17562104235657,1.07863923767936,4.7428717808542,0.880961348433409,143.667841157864
647,2.96003828538061,1.66343267591301,2.92259197901641,0.40837884607899,144.129818174292
648,4.84432931481455,2.48269603460705,2.88317912246086,0.815543456276201,144.099104321272
649,4.53713083628355,0.84323120944838,3.00568049020424,0.582877710112226,144.731901118308
650,4.52447728772393,1.06195470569534,2.82983671884885,0.173859025121035,145.113189025826
651,2.82589594494219,0.430763374025893,2.51305921369069,0.853267236846422,146.13718975262
652,3.71257535756545,0.739669258299776,2.74999555797341,0.187330759336726,146.598360116389
653,3.04409759228411,0.399897920938304,2.84775317384662,0.0073089813862314,147.059234722578
654,3.40664856669909,0.133788532166242,3.18682792398706,0.621789651814543,146.832566942241
655,3.20496783583379,0.921403774268404,3.13639064971899,1.90783089623638,145.137551834937
656,3.51270312321558,0.66883945248963,2.7598339705811,2.50354938934845,144.066871719427
657,3.34148766507978,0.308652213549709,5.62727102217415,2.78692117494877,144.450068264919
658,2.92130251905471,0.677753576355227,4.79223719436209,1.62460988207087,144.526946510699
659,3.4321371611819,0.289863930120825,2.54125865291951,1.66278906271832,145.428609435753
660,3.2745117495425,1.29950637962505,4.70629717407453,2.65741091001062,144.052183147166
661,4.21552547903203,0.531052515330281,2.98607095031113,1.7624061671298,144.43582989905
662,2.43745299369401,0.0458957273012176,3.05962713179583,2.28221629769265,144.688627418593
663,2.66662334308465,0.0962882604898367,3.02631652730721,1.18623564210128,146.374086748355
664,2.1111018910561,0.0211088364252208,3.46295453796293,1.00345116580691,144.673942393764
665,3.28639058268203,0.924494841259686,3.02081688150507,0.361047765464648,146.329729193121
666,3.20461119168227,0.298092361282431,3.10912667457076,0.976703216554811,146.706690737064
667,3.29613182286392,0.322511566541182,3.42573678498995,1.54799523379269,146.278268937654
668,3.3411575994696,0.245755146717804,3.13734332894112,1.54305460818719,146.260799741112
669,3.27372109005301,0.15522258406304,4.76165242219239,3.28388311699875,145.130740912318
670,2.71159514465418,0.152405317982373,4.90370219144249,2.76872011135224,145.013540967694
671,2.8469484255259,0.606771149484417,3.47542856369326,4.04568827286282,142.074407960786
672,2.75139384429684,0.634741963738772,6.48925305957918,5.29160393174942,142.515899674067
673,3.32331606335724,1.48130227028993,6.06838370130874,5.72117380246174,141.56232577373
674,3.0493890107396,1.32226248483668,5.59950706298597,4.96186386677616,141.972676821067
675,3.13187294677694,0.382814444257893,6.47469591362472,4.14517310276162,143.700567427599
676,2.77079507266627,0.57284056338037,6.65499318903657,5.11437580421272,142.705619683124
677,2.48796688587869,0.486648796639493,5.25715157620508,0.180601485551016,141.78762671077
678,3.47453747194628,0.617756708633604,4.36517792674723,0.0221915930142368,144.758569195318
679,4.78387500191717,3.40432393132981,4.59841594079141,1.92397987234301,141.88919400875
680,4.73522025968233,0.457025914390535,4.51202768669647,2.89160364365439,142.116404305569
681,4.32721080719603,2.93697849266023,4.36411182902747,3.09883353396411,142.059140942942
682,5.47566746780397,2.0428344082274,4.21252894357293,0.575524072112132,141.634388418511
683,3.91586363151789,1.65650744447364,0.954126700702143,0.41125830396543,140.588188156119
684,3.77538072273288,2.08160851448423,3.67920518118995,2.13972912051035,143.787729689801
685,4.89683240856122,1.8922557093454,4.66410243201269,2.24642406469489,142.787024272974
686,4.19456038195015,1.87183802873039,4.6292830589711,1.59032935731126,143.737815184602
687,3.4557482215572,0.381406237013386,2.99382384322889,0.53461700154591,146.787508857105
688,3.26473976037996,0.141145513615073,2.94549402136609,0.728608544923753,146.967546117681
689,3.57231798961535,1.22034674802914,3.12988038702465,0.030880069208728,146.057252319954
690,3.41874221685525,1.37358395228944,3.54859467043141,1.3897373769593,145.131227503702
691,3.25022024952971,1.14330289315731,3.70580545414432,2.5766798294355,144.428320123686
692,4.12955955747337,0.608054557387554,4.76157975953701,2.20362107358953,144.113644755283
693,3.71135347870948,0.385503054785881,2.65715231641729,2.16267390483993,144.411084330285
694,3.0094977320912,0.532071866040059,4.79444985711202,2.02162772610779,144.972341573969
695,3.5309977452195,0.381634464543273,3.63167646232329,1.48868937038585,146.068323078449
696,3.89637488067024,0.161696529309451,3.49665798278072,1.83343689995943,145.241046384883
697,3.88830850961886,0.351331842877121,3.90782931540839,0.297588199705712,145.272443385725
698,3.43818356220935,1.43260014543066,1.61703156733596,0.238499808011527,144.577577638432
699,5.29107410261553,1.76208677505999,3.85446537038559,0.541925669076077,142.476253082566
700,5.30381925181647,0.716466067018647,4.89450930120076,1.39628224914871,139.917907042575
701,3.42974964465955,0.692561929136213,3.34814909823337,0.927499800796838,146.27645567225
702,3.08988821768103,0.361101640683488,4.13368006138694,1.87021522992071,145.845054091869
703,3.54440762626312,0.803139398160109,4.8395081163704,2.11885796641048,144.787141651116
704,4.61257915844382,2.24461927229919,4.53106213253515,0.569951863838438,142.844716024625
705,5.25291523295617,3.27103966318038,3.00334079629706,1.84483399537427,142.232603317428
706,5.57839713636477,2.38918119624918,3.48532887878089,1.85543170867944,141.950972130501
707,3.2868608716158,2.45150439123248,2.70195864615151,0.858465817497884,142.635532683107
708,4.84328463195322,0.122023328572082,2.87203835280052,1.48676189779056,142.049618484107
709,4.73285551123667,2.15936117061105,3.69204882812281,1.04038135195626,143.990450918037
710,4.11905967482106,1.87355064530468,2.78612685513521,1.08696704685324,144.849197973778
711,3.12897843725619,1.74068697852664,3.7401367548224,2.47826712376446,143.019930229749
712,3.03819178617932,1.34600692218096,5.57823551138853,2.01500165585117,142.381167619479
713,3.37139674872459,1.65680486596155,4.39824133596766,1.7197741266576,143.896851275998
714,3.12614762249761,1.2867895546143,3.13158262766978,1.60942815332612,144.673461466956
715,4.5155132210447,2.34349084406335,4.60478055978681,1.47132658903144,143.145549299824
716,4.42724317917297,0.815990272830115,3.13786122000098,1.41368488261769,144.468706433317
717,4.04867014843851,0.995524674180099,3.41483203430948,1.00760259514369,145.497786549958
718,4.17618085893251,0.876881162332995,3.2979272036769,0.391826234481084,145.502959866447
719,3.91833764269875,0.644016344341093,2.18593674507998,0.19828230960906,146.171245448147
720,2.87761596309249,0.220944774446756,3.64638725322935,0.929954817890072,146.406038373541
721,3.90029770867556,0.9103302881555,4.21227946432041,1.93098431250347,144.987379233891
722,4.29162043799419,0.443179951538681,4.51740892592764,2.58449956384236,143.712891540261
723,3.69177114589829,0.932240434865604,3.07832607415946,1.84833486178922,145.227749824728
724,3.2887525596239,0.64978020003156,2.9448689382394,1.45381868882799,145.922240390768
725,3.92494149718958,1.00802181132368,3.74885093293897,3.71637305690503,142.997969028072
726,3.48161389911694,0.367576390310369,6.07193165373189,3.74235382185197,143.966747598366
727,2.21627206648863,0.543170407145991,6.1838281611321,5.22805651422822,140.725709084992
728,4.68844455124355,3.1389838041499,5.25232513699197,2.57112208029943,141.621809510732
729,5.34006800987669,2.66895771394025,4.04476769609306,1.919334866983,142.439538346504
730,5.63854353595448,2.51445087376618,3.04607127968352,0.40038385372779,142.757388943226
731,3.23885854659676,2.22127226989423,3.03465889414642,0.136651052115105,143.502783509717
732,4.56393949465458,2.12942446289213,2.14160378779044,0.268538101335993,144.686520383254
733,3.63251453790943,2.55781615117323,2.42560869527111,1.45164553515133,142.300740288975
734,4.58571992055523,0.428234059393132,2.56657856268355,1.04155336001738,143.7211720535
735,2.08350365883662,0.0145484554627922,3.56480955205739,1.13048656135115,144.448265827471
736,2.18893323806754,0.519077302375902,3.83880978854192,1.24134915326745,143.311538996808
737,3.50486993407925,0.534882663737989,4.10437142124667,1.17008725129111,145.722192588935
738,3.99008117060412,0.0461641546530445,4.41359041574857,2.49776667780021,144.390683906784
739,3.74983380973225,3.09396984863878,4.40248429588025,1.87897228608082,141.185857517718
740,5.82638867530548,2.83528246396996,3.27388448638134,1.85239697949181,141.472935986013
741,5.64397233119896,2.33951394228204,4.48216482799567,2.14022333654302,141.272301553369
742,4.87336209688065,1.68936014433917,3.76388906657192,0.781350215008612,143.691598003672
743,4.201755532364,0.458412912047173,2.78153344583051,0.897511969040569,145.210481545972
744,3.01060062312584,0.353525748031779,2.50267891498319,0.168109050508827,147.090772163744
745,2.7442102389205,0.719858223507344,2.44736840805188,0.55235493281528,145.655275084116
746,3.8416627577065,1.21926041704505,3.22832837993661,1.54926337905825,145.304011938974
747,3.7196670804696,0.681140760699066,4.14040638233938,2.7165911873316,144.905421061523
748,3.29982064182901,1.81312820168847,3.90376498955146,1.04575069787758,143.902053256697
749,3.87883940442733,0.147079335305963,3.60700809572546,1.83479002736722,145.281406818472
750,3.50822708982182,0.934181378963092,3.81141731989373,1.52654639933226,145.590218250636
751,2.54974128668089,0.518761310221334,4.51049269736659,1.39598188382981,144.23808476334
752,3.81536436947086,0.466415478049835,3.93370960485512,1.19105590651869,145.536727487136
753,2.78410538296638,0.089627145563055,2.64689004138732,0.749010864390591,146.80945718855
754,2.66237660093665,0.302565110573444,2.70606814743501,0.257629156930246,146.606440885584
755,3.23212570156504,0.374121494481443,2.54404170283767,0.329153679294339,147.03511152883
756,3.07633704022703,0.608297539066709,2.89932093613213,1.06770092436795,146.201604903143
757,4.37143315325708,1.77146595301138,2.72695802206497,0.931826851554424,144.859608162431
758,3.82026841816846,1.5063698382511,5.79571973491352,4.14379418908003,143.035869518331
759,3.96639533060543,0.0598739699344313,5.50479088761285,5.68765631139176,141.698455454386
760,4.15081559851268,1.15124280955714,5.10217762299297,3.07235513206968,143.710193224688
761,3.71096342525423,1.43840474405767,4.4795245641527,0.900037603936357,144.262410541468
762,4.08086623715156,1.53364174269025,2.82436312496849,1.05504509780554,145.209449291675
763,3.6264169182287,2.03520200223085,3.22390059378967,1.06724505546586,144.435074343832
764,3.41076946233752,1.38362614747608,3.15863568747389,1.02899487865866,145.387658547329
765,2.9998326617733,0.616832465536238,3.06185841790676,0.0635649938301991,146.544372817539
766,3.42006735958941,0.742714071119936,2.1637233631783,0.387585561180994,146.349527240089
767,3.56146828351701,0.145837724127011,4.24645434994367,2.70853583377736,145.264563013281
768,3.2533533279776,0.04172780063016,3.93110551628399,3.18211893644944,145.091244001728
769,3.4237678891044,0.17710574182209,5.24574392000095,2.61563729012984,144.862846538534
770,2.80662664863229,0.404340932911009,5.482010772157,1.57434260692794,143.668489779964
771,3.84063607503829,0.112419014884221,3.2174636425329,1.4039769206727,145.654068958113
772,2.55347215377259,0.0979002643343201,4.51917729121888,2.32371729871131,145.142083425387
773,3.28816617808437,0.506135889117501,2.8928663905817,1.40239978224402,146.091296888743
774,2.81216757465931,0.331755451068879,3.75705434763078,1.38179281049496,145.975768325167
775,2.59013781777721,0.694717493048169,3.87658186666531,2.11079867634576,144.2888103011
776,3.74825151515055,0.697480286774949,4.16901961685737,1.46352729800176,145.352159783137
777,2.62795457624004,1.06988173927446,2.7046526207178,1.6668527794814,143.290647528564
778,3.88280415716403,0.0932682931845701,4.79806315384421,1.09413547457577,144.15295339543
779,2.58447498406084,0.0458004445201469,2.06682008609996,0.283568042666942,146.530300084366
780,2.78241811373338,0.0364240726948365,3.44795403647357,1.09259607237839,146.642020743443
781,2.80654566142643,0.004787329579578,2.97163092279806,0.658399114336015,147.062566867458
782,3.0265385184364,0.688600422044497,3.33028218778087,1.09977785930209,146.002972092604
783,3.72454543814978,0.0160709308580959,3.24827112429965,0.172507965280066,146.355792156565
784,3.09150602716555,0.136196158792848,2.92580214673453,2.19283134357659,145.433726665586
785,3.53861284169316,1.30495495129406,3.06865592909856,1.26743079082874,145.431370548496
786,3.633614621006,0.326385216240969,3.20848925870957,0.273444405730209,146.555929963915
787,3.12710690434393,0.507495818074177,2.46504567635358,0.318860039998695,146.847481169496
788,3.45417234985611,0.130098800114916,3.63413648598413,1.92666478479548,145.984060340306
789,2.87053976363075,0.0339339074654133,3.52355556034347,3.63542442470513,143.909189602824
790,2.77028856580543,0.0608780820813528,6.22640515756783,5.60626139981729,143.338993830959
791,3.44771398658836,0.207867189046009,8.07602093720688,5.28796059460939,142.155739923862
792,2.87724153227425,0.132462236237338,6.21330581397205,3.82699439918783,144.080013223428
793,2.65985020285224,0.0691880535838065,5.00176663909606,2.24242982823665,144.993487206028
794,3.89647549805121,0.425364897839428,4.91355514582049,3.74699376846068,143.901421882461
795,4.18068219719252,0.93115975806825,4.62108845150643,3.76887181801711,143.306210825331
796,4.01136859080685,0.0684459668228661,4.90292813808143,1.59305774566699,143.878312922788
797,4.22118112578581,0.841258269038083,3.73361742727845,0.82534936945385,144.979518186952
798,3.46510628935643,0.233555827738988,3.93592872851968,0.424080592201596,145.964601737014
799,3.20531214629774,0.229709924427126,4.45790116128518,0.753121210008228,145.464171910744
800,3.6245172866412,0.0688164197089656,1.91811923240868,0.0105721082508726,146.591089709349
801,2.5286513084932,0.112384767227626,2.87563009029965,0.266266685993834,146.60342662978
802,2.45038755646975,0.189017158647001,2.79058641450656,1.01394703071194,145.716682237455
803,2.73458959079865,0.393928355397297,3.1124453443474,0.465418697557821,146.366320196274
804,2.91822160725009,0.0323343292785289,3.25643140248398,0.54083543809086,147.037095335183
805,2.93307581025084,0.251161946506214,3.64815501192301,2.26632107232318,145.725460034999
806,3.55739131840788,0.0059891512532935,3.99497112273422,1.98375390379818,145.750928112499
807,4.55378984473633,1.13983702036905,3.48490514870833,2.23513262884567,143.644234731496
808,3.36532672618975,0.0960144337099499,3.91909174789414,3.34759920414978,144.745323632922
809,4.48572524986494,1.64701363999407,3.7365126001386,0.75796948374487,144.478265793414
810,4.2103811506069,1.92424779096672,3.62216363310602,0.285996101523746,144.69013810929
811,3.02492868176751,0.492143020222184,1.85578572888687,0.294620654265276,146.116840346813
812,3.06513347781537,0.151434710722304,2.85001586913955,1.75591648074025,145.954718648276
813,2.69266053131951,0.64140055364693,4.20866733473063,1.90591207372735,144.692237346696
814,2.76207915677992,1.4151992457093,4.44543818922099,3.3024062949761,142.092129541391
815,3.91146634658498,0.226533695207009,3.52952131923168,2.99132333809019,143.937330327761
816,2.35897432241775,0.24280203764859,4.37893690749178,0.102498684770924,143.775586923936
817,3.79829546245457,0.557220437522902,4.42963944072089,0.692611721785211,144.779895973619
818,4.33996611855784,1.91695420982546,2.66543185303142,0.361529865545131,145.238771835545
819,3.20752093671683,0.588783576114994,3.02168750380285,0.319777905579893,146.731311197163
820,3.18993842833209,0.0203927798826251,2.65567173068108,1.35138033773146,146.357085182937
821,3.61549076528141,0.220922805024747,2.47386747093409,0.266958006748735,146.820363031376
822,3.09423418736929,0.778520550431577,2.21884031927847,0.599311970108602,145.937143227225
823,3.06338412905747,0.171431906994415,1.87384992300154,0.571033410702446,146.128980462466
824,3.13100264123913,0.328097662916253,3.1653880054136,0.446794829347504,146.878551430769
825,2.31503468251727,0.112282067768005,2.30733684330298,0.796307271256339,145.240884706411
826,3.38665986655917,0.53459403002538,3.64421133415815,1.09362819781175,146.203002834996
827,3.07951320452687,0.0195783183414682,3.98091366184455,1.85988186852385,146.264888012564
828,2.88088293526701,0.359601201590911,5.47141054482005,3.71387333668074,144.336686606147
829,3.57004803327632,1.1570109655516,3.93500660173103,3.5639291427283,143.545366369638
830,3.64091348660703,1.17922742081444,4.32884636394366,0.378808393922384,144.526845896377
831,3.52688882908425,1.05817267271422,3.56727664726731,0.596772215436707,145.803693882289
832,4.02005129689347,0.688810729012347,2.52620049523161,0.598467523556144,145.841594417916
833,4.007235663198,0.38908380899469,4.13660756353639,1.26102378970298,144.938347764484
834,2.94218288098706,0.156273495783598,2.57590224333834,0.141201264799916,147.312985465428
835,2.36631545945887,0.158549202865484,3.21139951208792,0.85359036823209,145.623731656364
836,3.13058171032649,0.837449780225737,3.4538808106051,1.5208307889358,145.632362942473
837,3.75689791994716,0.915545610872739,2.39483350672009,0.568036494032871,146.083660464542
838,3.02889419870474,0.21611016949479,3.37677701556275,1.11478989793353,146.628648147728
839,3.22733498307367,0.0739380148935447,3.32607377515322,1.62778709545947,146.414344927735
840,4.17461537120015,1.49630975402681,3.71384708047794,1.6855939316398,144.741433372196
841,3.98978047615127,0.0826546570308292,4.57906593098354,0.0360223200768428,143.515509050553
842,2.40299316583792,0.056893607529305,2.78556851364293,1.74805417072838,144.991948658695
843,2.95964264142845,1.20514324024154,4.67495496160577,2.31753749428347,143.714977475272
844,4.10476247880886,1.59234505828487,4.85816449146069,1.87607874561741,143.795357703837
845,5.14481835992172,2.63820394442092,5.02212553898445,2.2382785407822,141.934664023272
846,3.45062413257939,1.90749595028417,5.30008059166873,1.83887220680062,142.371438875373
847,3.67923391581583,0.604555379207123,6.286708691655,1.68085275179064,142.0828074592
848,2.7719619010021,1.08967752605845,2.61601955326139,1.59176729934818,143.75331553076
849,2.79611438610828,0.314278890875603,3.07983887043309,0.313250247147435,146.68164167773
850,3.61861433254166,0.154347840370676,1.88587755079515,0.215515654841892,146.276197945034
851,2.79513980522618,0.117960181994078,1.95354420326768,0.082783471749796,146.861417243782
852,3.22504920215724,0.0990057701364397,3.2021510429046,0.42840559619289,147.037688101422
853,3.14586257213714,0.0178568553937162,3.98942437299768,1.33919437044877,146.371431590735
854,3.86186171899206,0.529062162068664,3.67477986322694,1.65103797296155,145.477790888902
855,2.78191258792147,0.200706689972909,4.00754473544959,3.05493415041153,144.968061868312
856,3.15738329865922,0.248226338094356,3.60296608274653,1.23012490753561,146.477501946172
857,2.74589658196827,1.18640123272359,3.4427974676422,1.25664809501256,144.133279436592
858,3.37214411110009,0.606408044331227,3.85902631745214,0.64182464895289,145.944147606331
859,3.56771583019955,1.2789645485575,4.1225196369512,0.113518892319099,144.610315269627
860,3.39263878198035,1.47077906006668,2.63004637620118,0.973314836150218,145.10939196
861,4.16266831161868,1.59897499836892,3.98811466628451,2.37655177221907,144.229907557967
862,3.81322171757008,0.0790506028591657,4.3228451485389,0.928481323982433,144.984915391936
863,2.51333378188857,0.83710855625688,2.06081209693624,0.835948415751178,143.690483939273
864,5.33840976025488,1.87194617735142,2.2823630566352,1.61409792011863,141.308157821146
865,3.20430196461097,1.20687039544126,2.24949052398634,0.960222858988227,144.900808066817
866,3.18113962690457,0.16204145105935,2.68294761664698,1.59637128127989,145.962265939602
867,3.32441359928179,0.67763388335792,2.68500767553187,0.489160857718278,146.649105111395
868,3.19570632563767,0.758046394163644,4.50385177584287,2.71102527972482,144.906085649228
869,2.62342717420308,0.222910685055405,5.04165789909778,1.9946550151147,144.543930179752
870,4.0044459312258,1.18540152804082,5.43873130020311,2.31627749641927,143.492975297108
871,4.1619077987028,1.33640007122859,2.68796218047028,0.181708366297605,145.842652391441
872,6.02640735871396,4.03501618570416,3.65616701806026,2.77694290285157,140.298947507502
873,4.25735258180869,1.0299268405184,4.1428986094094,1.72214857412278,144.488505370103
874,4.33099909602126,0.332030696727569,3.78792069173529,0.0544022665847539,144.197697784284
875,2.91739937293237,0.208571957080608,2.43503423092654,0.105970491079524,147.233135081956
876,2.95095788745846,0.27334391595825,2.43839300142312,0.55883667035912,146.789048466095
877,3.32131844412282,0.840572109099743,3.68412722692385,1.66811043890945,145.650909808731
878,2.88894733636442,0.759414420151155,3.6112116923318,0.316872831113756,145.542658061757
879,3.826646122062,1.7217532764317,3.30328572856323,1.48863821385939,144.845488773109
880,3.8836057267123,0.942821511248556,3.17047278350248,0.544504418917329,146.014133938117
881,3.60238193243156,0.751448133427652,2.71546727071099,0.850471928180071,146.228044612525
882,2.97880740715121,0.207707890875875,2.99949741987265,0.00670463996929974,147.152053132597
883,3.28613411991052,0.311103227691953,2.17605665374294,0.0978554499979684,147.081228718258
884,2.90753858308277,0.72829703575199,2.08480319665076,0.197566091585285,146.056980741637
885,3.7316625227795,0.62077057162862,3.09272236110042,0.110455879180595,146.461047835689
886,3.65888591360902,2.26548904095956,4.39586811215405,0.170556344460163,142.518007096222
887,3.67751104040531,2.55548586493658,4.22669148749698,1.93685296143467,142.58035463726
888,3.27552594013601,2.37446207817945,3.68584748275229,0.339873942383515,142.510704955569
889,3.57494139598149,2.65009120037592,2.07903652106976,0.257049153554827,143.063174003582
890,4.35265226603364,0.73487274619289,3.03669121537708,0.113856975968881,145.302298207643
891,3.8131553217555,1.19164556007479,2.46556835853647,0.03954683854431,146.336555952789
892,3.95816783013401,1.2092081933965,2.67576400894189,0.720178729739811,145.756733365341
893,3.0952716799091,0.0255491764207806,2.71734979497187,0.853392898186216,146.97828989266
894,3.43493699901901,0.965962747459803,2.85316031223541,0.873045566522774,146.091158860871
895,4.89379018550279,1.48554382365584,2.80674371272141,0.800084680620986,143.999520150635
896,4.59077071082673,0.42360085142348,3.12421614664716,0.742626675605817,144.092345474401
897,2.41310008180797,0.217473907099212,4.11947683768493,1.17247301607311,144.912716544184
898,2.61327985586301,0.133261710727909,2.89747724755305,0.366049956170191,146.718063152086
899,2.37343396103372,0.0969237692196002,2.84492874154823,0.933999886449935,145.755572270929
900,3.04530287508244,0.396080532224353,3.32887477539372,0.775134065445588,146.573000207124
901,2.41364715424525,0.353903479554654,3.65276396645858,0.529653200574539,145.05057090373
902,3.43043297185668,0.379679331165803,2.06948864286267,0.606280029528066,146.201178967558
903,2.73515378959149,0.400068281995709,2.11189265411859,0.265666414807227,146.282231569497
904,3.89003579183392,0.551235062926794,3.69682721621063,2.01092363178579,145.200753335893
905,3.76486692193572,0.603396759685029,3.67398391637286,1.29358380627423,145.76720619982
906,3.20517101800774,0.414007881381428,6.13659984157467,4.56238005375722,143.869895586525
907,3.47038057018349,0.0026737978684339,5.64771384651579,4.10248336457071,144.305238904824
908,3.35812953935081,0.398639281575648,5.55724846681946,4.11829009014555,144.266994872922
909,2.99674128354891,0.299208843103118,5.240013030831,1.86773039465657,144.645281559936
910,3.31796464007274,0.295133888426967,3.6888739729023,2.61476846456867,145.409348255844
911,3.87705257420671,0.998310134568535,4.30472457086058,3.63997401786718,143.732740490069
912,3.94578111400738,1.17464799990365,6.51479384241507,4.90640389562845,142.633226310259
913,3.82593649641384,0.786476688597119,5.51286579803089,3.50530960081847,143.895561621203
914,2.31761602941054,0.617254007795441,4.41553348856988,3.51108920432651,142.252784270054
915,3.42928525372636,1.36647807565944,4.63084985958763,3.98249978396501,143.168748128768
916,3.90540215483939,1.27575785163474,6.27516337968106,3.50660708017099,142.818211590838
917,3.9707891382263,0.798255029443141,3.68372060920669,0.228435066889865,145.430760528155
918,4.18486220799719,1.86792940331818,3.17415295256077,1.56192552138094,144.550143462009
919,4.43140614875357,0.420486629489398,2.45322056532369,0.901025041714576,144.281144955853
920,4.4500328302535,1.82542540145505,2.3870134940324,1.29220401685854,143.940713134628
921,3.98028288773894,1.58263814048405,3.31590105779582,1.54431478381101,144.948951729861
922,3.98239101861399,2.1380107970351,3.09893394144074,0.869883852545873,144.729416211132
923,4.18972534195372,0.855811066576913,3.00446476150168,0.0327949449945228,145.755608431276
924,2.83441682646447,0.813433639682703,2.48092482951492,1.33872931961188,144.756654988051
925,3.70965567466792,0.163834648329136,5.0075976837947,2.63430303511857,144.670894518814
926,3.65888935988636,0.545205812117878,4.31818483387186,1.16387008278295,145.316343247106
927,3.14267970734493,0.837879502551929,4.25316766356259,3.01973140049296,144.551404583115
928,3.31012880835354,0.0870850041037532,5.4774293446193,1.7194256534419,144.326072797042
929,3.07837030571167,0.184762098335161,4.61539721785353,1.2168458946489,145.47259502935
930,3.86262897640296,2.84495694210592,3.56001874055488,1.56776976136928,142.698774450059
931,3.97855252166806,0.14253693777466,2.67021930558038,2.39601906794245,143.397505555704
932,4.00815446856914,2.14353812735142,3.74281121441724,1.95244679617736,143.994725115063
933,3.86042465811864,2.05850322104381,3.34922502559977,1.93232856163496,143.996912554403
934,3.67857316993957,1.44684407779227,3.79884332003186,0.593401658778211,145.110428818522
935,4.05943074558681,0.828604160737698,3.80927613246467,0.642728418666171,145.201623994439
936,4.08623287409392,1.00640581071892,3.28575182622022,0.913412148833499,145.530926957994
937,3.85982202461233,0.312504175374117,3.19702717925006,0.657135396631619,146.079576708616
938,2.34795118835248,0.288232071125747,2.15467649517498,0.434993845553538,145.196949933565
939,3.77672020417374,2.21044930380162,4.7052560246888,0.14035205486538,142.143736395132
940,3.83417155018445,0.0817889801219249,3.24464014697589,0.235075721128057,146.128647864999
941,3.18370576866432,0.355644941022413,2.63619557175291,0.275252184201398,147.102360689875
942,2.57908200919427,0.59381437654273,2.88006012042281,0.0682122290992679,145.764281928689
943,3.66402653869616,0.264747268953754,2.73462332983577,0.262642892952871,146.763026112527
944,2.56383165265507,0.0540066451311091,2.99118528889508,0.396132663084546,146.70476715241
945,4.12988054186776,2.72095694117662,2.85313345822833,0.526335939203522,144.081809063316
946,3.72774998239171,1.388920431555,2.71150948493223,1.05537280334022,145.41330114078
947,4.29507324140524,1.36972204174841,2.96179177939052,1.76304158551581,144.363412860921
948,3.11383690465815,0.495147632120323,3.30114584573884,2.2680626662466,145.354209947135
949,3.39091564691654,1.04507938411846,4.09526018002804,2.11783921382404,145.066964882924
950,3.69573313920548,1.27914855758092,4.3061590473575,0.481347714389292,144.516861660702
951,3.39655583845786,1.01885437767502,2.0381818410671,0.427437945947676,145.804412186148
952,3.36662651324249,1.44078826451384,2.66160037066238,0.241181722118641,145.741054901508
953,3.78899888169717,1.95548487557227,1.77432930660212,0.344998051421917,144.275143165866
954,3.75142302054792,1.56735435296929,2.39153598542507,1.02707598993615,144.921662968864
955,3.49391533393727,0.391535766901662,3.8751052873891,2.5095952127084,145.401156184469
956,3.06172890778024,0.112608198658249,4.13516936970095,1.80549576236233,146.114501807918
957,2.82734753276398,0.0835036397708175,3.24242364567339,2.16375622271305,145.739477663561
958,3.10510912217319,0.413051975707345,3.93861543624468,0.868469570895127,146.043654969042
959,3.6010777910078,0.23568123518963,4.43223240639509,1.89491767786819,145.408855981507
960,3.24003822385433,0.471645945510796,3.51801039828495,1.95949198475043,145.851357789723
961,3.08126439657956,0.286874342201631,4.33024669010767,1.94370403614089,145.774582510979
962,2.94160489035471,0.222847608652235,2.96111452529237,0.182515718535582,147.097072948127
963,2.92065830659561,0.758543809592172,1.56375780108849,0.118218309000407,145.079338703301
964,3.0583551311031,0.779188461433158,0.977848458026928,0.685473650116408,140.708604583382
965,3.0823087824215,0.484889448509229,6.91656535437434,3.06836102901018,142.404996437356
966,3.4336281825986,0.392691579661323,5.04263719763133,3.47192210533422,144.711162144093
967,3.38112097207185,1.37124016477324,6.54930913255861,2.07663096833425,141.140080719574
968,3.29046877206012,1.23244721000775,3.01957895458033,1.11451298195741,145.442187669967
969,3.56203902168515,1.49457843753497,2.6011039959096,0.276299323707924,145.829704078477
970,3.67421883691935,0.3661254015485,2.64727889390043,1.7215501299945,145.188575866803
971,4.10622564778714,1.84867913916076,2.86685644566642,0.856011573458589,145.108745221849
972,4.21904532414311,1.62967873041237,2.90141985272969,0.977337499047614,145.121633525263
973,4.01794642385217,0.214055882283161,3.55467611179944,0.993326454661388,145.373216634665
974,3.53190860611253,0.680692867018947,3.08494606989046,1.18174670540515,146.150237903886
975,2.58231498871999,1.4532835989052,3.59922922474303,1.22958356262472,142.559290218769
976,2.83110498166836,0.416487254998072,3.47760260898007,2.91223269224448,144.4520309559
977,3.16820424930237,0.943686474450062,5.35312193183348,2.16203225680727,143.836398354986
978,3.94162021159785,0.8749869649765,4.36826739524573,1.34153034554259,144.820720737788
979,2.74757184109267,0.315135314770958,3.41857317240326,2.31149456193001,145.217385084354
980,2.5350564655143,0.0637227774222769,3.15063613417016,0.763229265323655,146.407059888145
981,3.18461724557384,0.0513661256551503,2.41245736182029,0.232117990746552,147.333967036212
982,3.20727415308332,0.359188635716211,3.1299738894724,0.646656225668239,146.810630550918
983,3.85494535082869,0.108709549528198,3.7780658909467,1.77139544882257,145.334615407339
984,3.06488827024861,1.26064727835353,3.02515178334858,1.5256907258231,144.629548949678
985,3.56308808707552,1.81054263125012,5.25848577243627,3.79177427141999,142.789477376936
986,3.69080253583946,0.0832248105743697,4.98540166081561,1.90855347087377,144.642328920707
987,3.25014112956746,0.166439175030658,4.08889644521622,0.777768668190125,146.062963420083
988,2.6576489321655,0.700154708949853,4.4320724715806,0.422278893048943,143.840175367044
989,2.86169067764822,0.745150316579102,2.78398326287814,1.44030054315568,145.178941424807
990,3.78666547504819,0.652960947811969,2.82241447079212,0.593351076364057,146.311870788367
991,2.69004799592896,0.230503182177503,2.68924237935549,0.740079949596933,146.457287254284
992,2.54147408071016,0.0581588600816811,4.39295917127928,3.51521427660124,144.429826536109
993,3.31409721988728,1.62864399967794,4.87250522257857,2.95947548854926,143.281231570932
994,3.5682331485182,1.49340436981369,4.62932365290975,1.60642507137076,144.153638223224
995,4.2776438943556,1.46699154912914,2.89175588424575,0.382324715669539,145.500515833341
996,4.66700501659296,1.60691020504253,3.14929191478074,0.472194634966782,144.673482410769
997,4.56616061493875,1.63895486230494,2.14385851157921,0.619412929374835,144.408235054005
998,3.52358131504252,1.29067642654115,1.97877998556595,0.449561631649414,145.370815637081
999,4.43918179568888,2.82993738915568,3.31524848289996,0.595583306515725,143.887254681211
1000,4.43943231358539,0.376275490435344,3.12616879371099,1.77056355252128,143.765923572129
