"i","lambda.1","mu.1","lambda.2","mu.2","p"
1,1.2925577372871,0.0321574436942888,2.53336167103521,2.08978819313821,125.285892474069
2,3.48540084404025,2.3523337519009,4.01522081587641,1.14621774731489,125.579689555775
3,3.47867904455493,2.70617693595477,3.87775318849945,2.23511699985122,124.23177058957
4,3.03332286313977,2.19812084832294,4.01086373024929,0.809849445891884,125.47813571329
5,2.84661676468219,2.77360949865727,3.93459261906308,0.18706178502719,122.351806272351
6,3.11255143263682,1.81728508119803,2.82070975687532,0.0868792608931739,129.278384532755
7,3.01568960375322,0.881890213074369,2.45005297445806,1.7215937938053,128.573989046419
8,2.68781348282276,1.54212607122698,3.29252407561971,1.77385084094809,127.454734839542
9,2.68679386233836,0.52902464991659,4.4555991235716,1.32229072303228,128.302366952086
10,1.96947145601446,0.241460975257584,2.05768952172877,0.691851994322097,131.466947951132
11,1.94456904541833,0.32201855794289,2.92697111840747,0.979256471582589,130.714319879306
12,2.50078718658794,0.19274768392915,2.79365502146516,0.0609483236563462,132.497485486657
13,2.21250414452157,0.251831844139513,2.80643714133026,0.468650097327772,132.119469840507
14,2.55345496492197,0.655333528117266,4.07466984776907,0.683877614047616,128.910965455246
15,2.69043397769102,0.742765341720449,3.77259055968797,1.00893414121332,129.420979592428
16,2.56077247604746,0.731336251384949,2.15237773077329,0.500781447632095,131.493097082364
17,2.16420487985751,0.4078058987069,2.38958770200579,0.122752478435454,132.425106973922
18,2.42462342420177,0.00961768397680365,1.87791107434629,0.217672039558824,133.08182301121
19,2.44831436035824,0.516745093686124,1.973912935433,0.231939010075903,132.325346949964
20,2.32952293834726,0.544572009278356,3.11509925348821,0.827208054821972,130.87276605252
21,3.00924779893515,1.20622130745301,2.49638529844012,0.526714844394333,130.440938466169
22,2.62359803085903,0.668012263831992,2.60054674709097,0.229641262230184,131.832505842224
23,2.25247536206674,0.0398774194742978,2.16248822824975,0.00107322518686086,133.614890563229
24,2.02171714540543,0.00643251703982077,2.0538529489012,0.179223284258634,133.246813376474
25,2.06930799484086,0.0569218997540217,1.61971580609083,0.400848079735733,132.166563307192
26,2.20112616706362,0.365457340797522,1.45396443219537,0.0190147690398463,132.194360647523
27,2.29253435621559,0.801697462243014,1.5851558309844,0.070715108832615,131.296106113728
28,2.55615131558957,0.384300397759839,1.91081718406789,0.267006276974772,132.395405297508
29,2.35950205206414,0.246971405963813,2.59825301991555,0.255784477726829,132.615568477066
30,2.42101947348627,0.754157695175343,1.89203371882695,0.120843450552425,131.930597105496
31,2.88247690804792,1.09952827289527,2.56818735650522,0.450535397944347,130.75517401874
32,2.66930844474129,0.222856486655399,1.63704078127963,0.423762069502968,131.603651462305
33,2.15112180694676,0.007629391428343,2.60029908835972,0.189047568755584,133.094435901998
34,2.21988186979726,0.524653076230791,2.56627275208178,0.581404377022051,131.512426763033
35,2.64852033657138,0.104934148338393,2.29933654737033,0.472175004151585,132.304265573753
36,2.19869453382685,0.942247111666687,2.57776920956174,0.0456004984267269,130.679514935287
37,2.60962510788245,0.959036231130891,2.41222988172394,0.323614619667545,131.280828438228
38,2.66793960418384,1.23683553081841,1.63478029623432,0.654954877827968,129.226451889833
39,3.05094897145168,0.644565990805838,2.29914026176022,0.321689665133587,131.293013513724
40,2.99199777509483,0.402568071688265,1.47183447244802,0.143438068107338,131.054058051805
41,1.90850751642208,0.717439953436247,2.1726537037559,0.627801971456278,129.663777456335
42,2.54016496685958,0.751598469286858,2.0447270440367,0.757430363147833,130.831011020209
43,2.86254520449999,0.652010326083,4.1199049541859,0.812794338795932,128.571556818303
44,2.13544832214584,0.492807393928475,3.36906292144026,1.31909479845564,129.988384656889
45,2.85185885843106,0.111291240346844,3.47695834365968,0.945439796976307,130.180003409502
46,1.78391508205969,0.129408537187343,2.34311060342705,1.08186838552499,130.614258174715
47,1.78510233192325,0.371416742934229,3.15488307079432,1.01208857530732,129.599495808246
48,2.94594893566284,0.482671249548897,3.69713711923049,0.132453135508409,129.384552336957
49,2.05246545095431,0.0254215963075165,2.14858755299108,0.415565217464585,132.851532847181
50,2.13484007815724,0.315733686391652,2.62493936844523,1.08896804798707,131.168432963881
51,2.82855379604499,0.134191849473179,2.86810513002334,0.0521327595754833,131.711970561279
52,2.89692727932425,0.411017543914357,2.69074681035976,0.288606082796946,131.54070352542
53,2.58013771583013,0.0468429239118357,2.58251009274162,0.292214365976159,132.58902520933
54,2.43503738102517,0.462355217547823,2.92234848295227,0.682391316890016,131.459969103579
55,3.15556658142904,0.309872636404029,3.07881728240047,0.48962369388852,130.01673000773
56,2.97472805142192,0.273763231821333,2.29213416349423,0.995791075221952,130.389452880585
57,1.79357075807682,0.281099265191401,2.88219902644286,0.900378417097381,130.362444601647
58,2.7731801906135,0.411291155053665,2.04551148330384,1.00752972020802,130.554428909914
59,1.80627918349188,0.975578450398858,2.29008906133759,0.79056871255477,127.529487218027
60,2.06238755354213,0.955100762271538,2.79497939944907,0.714262360482447,129.184349055927
61,1.85552742454778,0.194110752703462,2.57021200281811,0.319909580961562,131.856444996091
62,2.49323031473998,0.403180554863012,1.82615261383297,0.419359258403747,131.976503927149
63,2.45064360342447,0.853865582139312,1.85227851961817,0.32818907978686,131.235424670418
64,2.26291080338213,1.05132642178248,1.45370747473702,0.230085878933286,129.619383804601
65,3.29554202141003,0.0946585673917033,1.59667135483163,0.0445648719449835,130.220323677593
66,2.09803451543737,0.0705697943496701,1.74071084473261,0.0390171614473904,133.259950378404
67,2.11889120819627,0.172692777835189,2.66317933170465,0.0599355935608444,132.727160764119
68,1.74900787518398,0.00212097684560836,2.64477993422903,0.194967441213284,132.147049277003
69,1.77720294025436,0.381517392550124,2.70101224170135,0.162547705269602,130.779548890948
70,3.28899837062164,1.07839523483682,1.6223861887989,0.34409180632349,129.860574493005
71,3.25242494792676,0.257223756958163,1.6609947667214,0.225887605850721,130.25739953423
72,2.59374711853942,1.02825925522144,2.70537431903563,0.355545899071826,130.822462997067
73,3.45714400738874,0.451701687917413,2.64349028230335,0.00876497512128178,129.818520696883
74,2.45291399397628,0.249630125173495,2.95526234730148,0.220260330977145,132.105689409052
75,2.71540102810643,0.267005240870526,1.51474912605165,0.152998476855878,131.904662374594
76,2.00145527889366,0.0184864851912814,1.59915203537582,0.137772955654896,132.792998768159
77,2.46073322443387,0.407650129512126,2.52734714612668,0.162311275877691,132.481494554401
78,2.3562045090225,0.500107684610423,2.06749928251922,0.12965739586005,132.536821259884
79,2.28875434435217,0.619618556742335,2.29212946056014,0.00132331524557375,132.277590636612
80,2.14971877525268,0.362573860451534,2.54791915481207,0.860852849745662,131.43495108737
81,1.88831891403957,0.115074393987412,2.12474138535677,0.807036057622222,131.440464048844
82,2.34533108596897,0.830508662447885,2.74500925704685,2.49041024671976,127.252174434687
83,2.32760757162833,0.0979824678946469,3.77518037611826,0.684147316828333,130.660933806997
84,2.35443728027698,0.296857237085899,3.94631810743334,1.41100443463999,129.88297071169
85,3.1862332135983,0.484164262961828,1.7636503978275,0.344438218249944,130.528432406976
86,2.74376004318713,0.833259953061211,2.52750338992503,0.56437168450479,131.158012074038
87,2.91814151494811,1.07889913781065,2.16409893668254,0.388543167192594,130.965154707829
88,2.87836031434377,1.16367645079287,1.49661549622589,0.753742128392309,128.745585728446
89,2.96615855405468,0.438331010183785,3.76327083413544,1.2953784146348,129.179938099331
90,2.24313749105078,0.054498154106165,4.01042397118837,0.796700216062874,130.220715907328
91,2.10863779593524,0.140911833071414,2.9985243134303,0.253628173627737,132.138056079682
92,2.55345048063635,0.365825182810312,1.45715841065666,0.461333986211749,131.002203309568
93,2.44257725362669,0.312456689629301,3.37918004188245,0.99513900988223,130.913043758107
94,2.07008788532618,0.429856568596954,4.00771236059273,0.863811940623899,129.086869834586
95,2.74457582840933,0.625081029477555,2.40662186323874,0.539714091528245,131.538465475736
96,2.97437557163516,0.751453633978047,3.2264613571519,0.975962250106746,129.933543296095
97,2.7464516870313,0.0659464188036679,2.13462082918184,0.0511614780740795,132.75020447036
98,3.11063263302774,0.093087092530371,2.24506497721023,0.176148115435742,131.231799775076
99,3.05363093219499,0.772979647383497,1.62980592668268,0.0377912320616007,131.363047389449
100,2.99649800054251,1.0347927212676,1.82324809096486,0.728641206919156,129.853531451277
101,2.58512313376582,0.353264050586692,3.14546040382443,0.804988912313946,131.185427650839
102,2.80328849781132,0.978059819351556,1.80648625238137,0.937900027657353,129.502403366416
103,3.25302549007857,0.560350852860042,2.22823220573252,1.48932113491437,128.269395037009
104,2.46450699561656,0.165908575146671,3.42007928944203,0.16231496956813,131.260754593151
105,2.33892492952235,0.32680007468712,1.96280160061653,0.0606839112514798,132.99483241049
106,2.40360280644432,0.466069896657681,2.18501196172166,0.099130347919625,132.674158051782
107,2.30403841005504,0.311965052889876,1.35470174559485,0.049380037314637,132.035042478319
108,2.57900426878577,0.00968651543666273,3.59899014144428,2.10033356281907,129.857828984411
109,2.02680901228319,0.232769628860551,3.40794663068644,1.39439792908891,130.39913118502
110,1.95313580921936,0.0855691487789497,2.09638631326706,0.541672356686089,132.238325265964
111,2.53820466651507,0.249833695602941,2.58829930990955,0.161813029543177,132.592212738954
112,1.76352465673141,0.0741578248984407,2.23573806840247,0.56482090746814,131.657604886093
113,1.97508445746645,0.234431840255201,2.79562560040564,0.530498797052799,131.685281402359
114,2.78454075945676,0.235600942882295,3.03588770710553,0.861194019479391,130.994189386644
115,2.4358187317685,0.202565143980154,1.64432941131697,0.760793953237874,131.033087559838
116,2.64008504732703,0.486652598328221,3.42910691764713,1.17240588863659,130.32415588584
117,2.3940574216766,0.0562313271330386,2.12862340596567,0.723658715946212,132.231419214909
118,2.07493048919593,0.24704701149061,1.84151604337744,0.674753814224943,131.439555312364
119,2.17182214996371,0.32067444989727,2.50053373189321,1.85372524185022,129.569188054382
120,2.61733684127087,0.843836802208012,3.55343158592549,3.02077627713,127.222340060078
121,3.16742484412152,1.38016679480048,4.52813045585688,2.23521664321551,126.460000628181
122,2.89897220236533,0.825621542230508,3.470005131294,1.88985568963785,128.870716973401
123,1.63034490612226,0.6762679607012,3.18304980271706,1.26323265498983,126.818008456058
124,2.06747108128482,0.336724035701945,2.79225167897995,0.665048448354396,131.479740427862
125,2.18495941556423,0.108346607062748,1.83144091758683,1.46232628767533,129.678394920968
126,2.31453273146263,0.376758405972966,3.47041640293636,0.694084826391322,130.765471846878
127,2.50901854056557,0.269181103422393,3.17077695243736,0.27445933609756,131.612253751599
128,2.32103888184465,0.833341163762993,3.233948014658,0.937733098394596,129.831770595552
129,2.31260196511051,0.931057266758856,2.41716060837379,1.23685709338376,129.356167655016
130,3.05918081735719,1.72264950064007,1.91815464778703,0.0440747131570021,130.18982203579
131,2.78355710891026,0.044242167755221,2.24396415233096,0.0782726698348255,132.567369102251
132,2.01186719295859,0.220627689049113,2.03229131750904,0.388532804271691,132.247752199297
133,2.40725065842003,0.30915799725188,2.21875516151713,0.508445401363315,132.304899488195
134,2.07995598668525,0.0805030249437827,2.46881540984295,0.627949331891321,132.41838936009
135,2.29356898650585,0.0199103139581981,2.49744347123599,0.762094829356942,132.417526428815
136,2.35451277624786,0.0115235397697893,2.23813432202655,1.06928285389453,131.694762281323
137,2.57305485253757,0.168574647173764,2.37685007183567,0.344843792412649,132.578724426961
138,2.44677207703376,0.552933657203854,2.58628736225094,0.141236193814959,132.160145117406
139,1.51651214511686,0.556676730025532,3.0945324623926,1.35823643510863,126.384374702875
140,1.56971835651169,0.711157120583336,2.74507189482575,0.242550562980676,127.48861466075
141,2.46709097057483,1.03478770436561,1.75078122928181,0.365725452286413,130.52052684127
142,3.14933939990026,1.48031661812174,2.84712733223733,1.02218438880775,129.069819243131
143,2.97253421212848,0.827450883576239,2.5131594926904,0.755239930225061,130.635119852847
144,3.41696628275746,1.00959789792235,2.85566937642176,0.658798225648189,129.396892749426
145,2.32523441859587,0.025428377718114,2.85465492107336,1.01118068725129,131.924943425622
146,2.45187175504983,0.241592593373584,1.81249224453315,0.922505593414048,130.948516561362
147,1.87084323574602,0.253498455267135,1.8962039608315,0.481151117953064,131.369812165789
148,2.30478243623914,0.322102626720645,2.56102321547833,0.927936199146216,131.59991653598
149,1.89630416805882,0.354043158020517,2.38110441487043,0.966802920143359,130.517668495107
150,1.70327065152567,0.491151413326616,2.56623477662037,1.20701926235533,128.542017698183
151,3.29955570508045,1.9811515091587,3.05818450836158,0.450032645768499,128.359197301791
152,2.56385126224251,1.55453345448764,2.22372418404005,0.171908893354407,129.707641211674
153,2.62841197600067,1.63355735343892,2.68587269022668,0.595504879167235,128.797543309793
154,2.5664236510082,1.80678614956054,2.08063473029446,0.928549522889104,127.22025024655
155,3.18080786778418,1.90046838689739,2.72369277457041,0.53687322301563,128.860994920481
156,2.46157129975299,0.0960030300306395,1.97299241817255,0.729262868443098,131.919752825781
157,2.03050555675846,0.670486358033379,1.82331356121137,0.829292434300548,129.490746229656
158,2.73597392196694,0.673422897384866,2.9820870029636,0.0494742533206459,131.283471539511
159,2.62273822816635,0.121625708026292,1.36521482244471,0.40843219697109,130.974734773746
160,1.98141174005519,0.089616578975779,3.68652996217502,2.94436622479419,128.566993227487
161,2.44615329281863,0.40257641498211,4.53856619216493,5.03591761017018,124.704466021659
162,2.30520123927485,0.15894208939644,4.58816859494456,3.22806139239437,128.238990645345
163,2.91487785242459,1.20768582925785,4.27113466273016,1.28808896760773,127.478854979035
164,2.59623712683911,1.24357224065352,2.56207721328547,0.561851787033371,130.122220802844
165,2.33584682853181,0.350874440216006,2.45350062347024,2.91348928277175,126.542778612891
166,3.07409966665862,0.575919170714879,3.63513017663061,2.76980680640346,127.386712752919
167,2.04876152576194,0.0198488917371082,4.17009021856478,2.40417180752691,129.423101273175
168,2.28909619451244,0.314423517931511,3.36744069772413,0.0564901397609388,131.173982462596
169,2.41578488271053,0.854195263471449,1.32419210088495,0.648911205902128,128.812571496791
170,2.44026463499869,0.0662439380400362,1.36018304319735,0.680986989142237,130.418284291977
171,2.10692937344928,0.294843577725803,1.99204966066099,0.163541492482366,132.649005652391
172,2.3302931926178,0.235051743051912,1.68554899330113,0.203933440478876,132.593197996014
173,2.02027292790524,0.0907474162748678,2.15173953709933,0.892420966614771,131.687852471297
174,2.40348135273231,0.07474857507031,3.8429681661618,0.631528044561449,130.478948041434
175,2.49846707378751,0.230596551094886,4.06260150770936,2.36776885884283,129.197510791874
176,2.75992326094369,0.181939412906542,3.39403396160196,2.104135135099,129.394510287105
177,2.7454770251568,0.408029819027961,3.55856338171609,2.73807854983065,128.285804866146
178,2.8891909198992,0.199933745762058,4.45684472559762,1.49331381462203,128.114531860489
179,2.91463914571388,0.498355721701541,4.77572447724241,2.77232034125398,127.211730304789
180,2.53373565420683,0.252873058151281,2.9264116750915,2.93959941072891,127.662286517684
181,2.06104715141485,0.380528810453402,3.3578024153959,0.0403543257956112,130.670770038359
182,2.4343057391233,0.717979629994886,1.26260062461326,0.162200554387495,130.517183603576
183,2.90720178485341,0.641590386494682,1.55194092434018,0.434055673345544,130.560377066354
184,2.54711202329299,1.28391794760502,1.73194342100133,0.195124336926027,130.284554984937
185,2.3600881559926,0.00907518415385131,1.46916756424536,0.256634798348923,132.299137634176
186,1.97435786903356,0.148288747565235,1.41240165611298,0.577917659199238,130.572009083843
187,2.44833603710142,0.295427871855709,2.91547471487218,0.390919969409136,131.996396572439
188,2.41772923491079,0.246712291372698,2.85419400236067,0.51819047474795,132.06757379684
189,2.12522805184315,0.143328816044402,1.92649257766001,0.248569321351397,132.86119357765
190,1.78443537423806,0.564440688332519,2.76288508616459,0.358850066862821,129.783472401217
191,2.31883581874987,0.188180089671633,2.18938411716641,0.357295478191449,132.787056992529
192,2.30234046357033,0.458925476293133,1.66873062960562,0.460135841466846,131.428548611012
193,2.35706616436951,0.506994734883336,2.87940852702288,0.344448355467908,131.663764801038
194,2.10965908485183,0.606921093499259,2.81522125715618,0.652513056492832,130.732461704504
195,1.94127187570522,0.199879823747293,3.10874845509187,1.79328020070933,129.935148713786
196,1.57092033363419,0.202414622512187,4.41834600178281,1.778278467845,126.746583492768
197,2.03709281734824,0.2626029271943,2.85195098879717,0.505249892736376,131.721772324837
198,2.45868768703188,0.239289482049101,2.42502978285352,0.752491318903338,132.004276027438
199,2.42510089020897,0.495801410063073,2.08787250937,0.196408288894926,132.469528972863
200,2.73480365693745,0.123355492023038,2.05369501848313,0.229257020308048,132.464467689402
201,2.17695573953615,0.0166758998745633,1.65063879557754,0.334203164287119,132.588598761741
202,2.07333495490869,0.334316584514507,1.90568068312815,0.682292789530187,131.278098699503
203,2.03964877992036,0.744165212566033,2.31057357947284,0.738577353282496,130.028131743797
204,1.96540113223649,0.595760553748632,2.89755743899599,1.17726608077139,129.569168962757
205,2.46419701909964,0.467233454290913,2.70062172104531,1.18248687012654,130.936165745124
206,2.86847230380219,0.0335309586526288,3.69344265781915,0.428081963158057,129.758408051729
207,2.57511675839408,0.539796233463344,1.84512653389638,0.483299237366108,131.591789266869
208,2.6354699312504,0.512366151827916,2.78010990739682,0.738481090806178,131.360330464249
209,2.55662250312038,1.3542503543324,2.2176764709734,0.786173839578739,129.313618444478
210,3.40653505131791,1.28053790900598,1.96590587653159,1.38556595967244,127.435139398629
211,2.9180837612954,0.893977470298463,2.90731058993023,0.545590424830089,130.609778021157
212,3.30331709717558,0.0683179152252508,3.24918310031255,0.453933056201255,128.874252638607
213,2.82406939570607,0.124959337647538,2.08158137303232,0.398226398098319,131.911194391718
214,2.47696272783263,0.329013716051752,1.63711004433558,0.0940449096116791,132.571058051356
215,2.61145165143574,1.19422699905865,1.71365442126533,0.405415761889443,130.12452902291
216,3.37608670203029,1.19951403489608,2.11927742942655,0.379707439962505,130.118166294995
217,2.93899364498455,0.95809158750967,1.97083401242301,0.718248202831466,130.296631819738
218,3.08910892628061,0.0977406385472515,1.57242310388652,0.397175934093063,130.196324185741
219,2.79278902217511,0.12417141103642,1.6677850443994,0.273794159490845,131.798589583652
220,2.49088745238406,0.0360701439048109,1.96353475209548,0.158133417354835,133.136184352791
221,2.33562032340545,0.983578255984804,2.3155946108222,0.305399220028895,130.853475333459
222,3.09517576260745,0.412988812503756,2.1199976658961,0.977812082883331,129.861995612419
223,2.52918304677545,0.0110077431110797,2.88068943643533,1.23532321210097,131.36576069997
224,2.53306935298814,0.465271467365952,2.05732220886891,1.53203610570889,129.437147088843
225,2.60423683772804,0.100699209961287,3.31686992464772,0.134992185771038,131.351626222908
226,2.79061789036874,0.223879854759602,1.42160172262395,0.241275697809101,131.237464297424
227,2.83610002126402,0.272527598588756,2.05838027379748,0.278501866075077,132.055401264084
228,2.24674090597643,0.655681448117251,1.88638368717176,0.520727718781896,131.061080853963
229,2.43029064906883,0.107109781270359,2.57772725388143,0.425614151399346,132.618617332538
230,1.98782486070707,0.120088828339577,1.74349413994969,0.0738087819381916,132.871543396738
231,2.00383896423479,0.111271287399955,2.59770630265156,0.155333783227119,132.692107283357
232,2.89741067218115,0.281995972480493,1.73767691657478,0.292454592582643,131.541639962691
233,2.63451089628979,0.0518526118855442,2.95736085548144,0.374217910875236,131.929512145743
234,2.56743087372327,0.173181889951088,2.55970784264727,0.461087941385014,132.332425038605
235,2.92570295130344,0.441754152638579,2.30134219068651,0.186501218733129,131.892668596629
236,2.96383687009686,1.05295853078214,2.10572315153272,0.61458018761614,130.509600440333
237,2.33939267600034,0.041281013103274,3.4603335944533,2.18341585921055,130.105615074256
238,2.12460094507844,0.0774252642138475,4.18902744088972,1.30975687122174,129.778574746514
239,2.42670894544295,0.075918980953585,3.38550248511603,0.212404596229402,131.496246728401
240,2.2731657337508,0.245042739322755,1.03752089207316,0.334783937690676,129.631803294555
241,1.84249198044006,0.0622921426604784,3.1614691360515,0.153516784614477,131.462371243094
242,2.50686722234988,0.208840748132596,2.10044141706609,0.0277809985223912,133.175495942879
243,2.05768203791002,0.237315120665086,2.09744283883989,0.439202605354313,132.243503090399
244,3.17344922183299,0.270120512475044,2.20893279123931,0.651397578088409,130.283658786177
245,1.7796497956121,0.0625731072596959,2.40958009986289,0.185238028782729,132.299811967634
246,2.08397095333655,0.252765288721064,1.86440067476604,0.784950136313266,131.205882604186
247,2.29086040724424,0.101798977112364,2.82034038304753,0.409404917036721,132.483701750049
248,1.90677159781929,0.0651561464264846,2.52934497928601,1.8286389167344,129.821997603186
249,2.4007604901072,0.0948809860229044,1.53082849889216,0.310214515926543,132.172629679336
250,2.19344936360012,0.0287872712224688,1.59498288157602,0.26165695182273,132.636953946276
251,1.8784398255074,0.0392787588772589,1.50975353543124,0.0819232725294069,132.388592914343
252,2.83631354549603,0.217569676186293,1.82585674412292,0.078601303072216,132.314943358024
253,2.67620234714165,0.0494440840174928,2.37185891241308,0.0800096818276666,132.786701474689
254,1.80066887630751,0.231573409110278,1.68460340952135,0.308286073534217,131.228561950514
255,2.63858397553424,0.541406006107045,3.02904739482108,0.0273404372967175,131.473578611629
256,2.62220720130425,0.0464872418483374,2.97856889984152,0.594890188991202,131.773853923402
257,2.66297789671773,0.0915286982444415,2.02119542593177,0.346771391135447,132.422592516272
258,2.4452468585465,0.269022966349602,2.51948885934192,0.436100305487472,132.406186196999
259,2.21371600466001,0.400623603189989,2.36689386941989,0.581465868529256,131.890408081807
260,2.82292860838199,0.330786917155293,2.33438999155175,0.553459665940195,131.64071894125
261,2.09534976780792,0.0914299556455193,2.3626460135358,0.554616560910386,132.540350856132
262,2.35485817530854,0.208668232849763,3.05018943988162,1.33504078460312,131.111245022996
263,2.16427848257419,0.112567441671931,2.93335145733135,0.765525983526935,131.974314091264
264,1.87095879392416,0.0647786982372655,2.32446354626221,0.123637806312612,132.759580729336
265,2.30363785217394,0.161205027845459,1.49272159961947,0.163787246133224,132.415108314687
266,1.96058220907675,0.252505172521657,2.21556071150351,0.704849760947665,131.505268275899
267,2.54214899443366,0.211570192749311,2.79516944257733,0.338523648996007,132.223649147429
268,2.40332367897997,0.182352904726686,2.54803088030742,0.317651509447784,132.685026844387
269,2.24212766022142,0.0408548070267577,1.5443439837328,0.0100787321994574,133.154973381311
270,1.92932600493233,0.0318410733731076,2.77576435811059,0.306026887620015,132.393722404174
271,2.58737033965963,0.551319524999074,3.24990197559679,1.66379735241254,129.938844616222
272,2.43319610270295,0.878162695008679,3.58945834865356,1.75262624799744,128.838992481123
273,3.23325095181266,0.791460438793141,3.1296688556703,1.80120826172664,128.387566133116
274,2.22168351694667,0.0542639067924943,3.21012237795586,1.5105614233818,131.092693308014
275,2.96789523164406,0.610198744701541,3.09379905140466,0.154474045012545,130.70536693054
276,2.16378145826165,0.807314075225017,3.58116759005511,1.57489078471326,128.596876457536
277,3.07921533795574,1.2239929792552,4.36930047939026,2.0218137474178,127.084884633339
278,3.08539133404231,1.59893802978573,2.35966937565558,1.5933040060687,127.593663103113
279,3.36199551065866,2.11962801663537,2.6264791515881,0.0916605186513517,128.937978764739
280,3.44698007223759,1.79467668430487,2.85609952681658,0.599136254103031,128.789681703385
281,3.05793371127007,1.65054839269569,3.10594088448608,0.390605297476562,129.006548888374
282,2.62242434790846,1.66069826199622,2.02360702152429,0.24463277140868,129.34818689861
283,3.2987194154888,1.04164248025583,1.70666219302141,0.0889800932049658,130.634425304244
284,2.99510717465133,1.4256417639191,2.16196796048533,0.0279548352647006,130.881858788266
285,3.36555183436554,2.77984350358561,1.86741612569382,0.156742996718836,127.172497495304
286,4.28022422257175,2.17883450722183,0.702962761957769,0.189152428137943,121.880826226122
287,3.16447934569809,2.09270181270568,2.26957967856782,2.00707263855348,125.156682331747
288,3.14050145844835,0.453039770578235,2.41958810812449,0.788279838961294,130.296080940985
289,2.76945949371334,0.0557508544024677,2.25033926416658,0.29839044657354,132.284395556063
290,2.3911062199825,0.124213266759946,2.13269130636792,0.76201767473824,132.064831444151
291,2.77054929232891,0.0735439629946676,3.48128348606239,0.104141835114606,130.54863425203
292,2.16341187243566,0.0953573966024224,2.69699607419856,0.0766338833563949,132.890310534264
293,2.104619246578,0.0422703475189265,2.29603784089206,0.0800760194031394,133.372853486994
294,1.96027585218479,0.0273801296489054,1.73384437852238,0.264097485806449,132.621795647309
295,2.62809863237138,0.139554209969715,2.09818597896151,0.0505078743839181,133.01199065717
296,2.52675490674953,0.590675790250381,2.69136146000739,0.517927832335321,131.605800307031
297,2.05287899799907,0.143179102268863,2.21766769265254,0.25979667187435,132.824416252738
298,1.65797012900566,0.194352015869835,2.33481070387529,1.29053714265679,129.246348889364
299,3.08075128367682,0.509364857247672,3.08402034797325,0.650152344419105,130.204036192033
300,2.47712726390624,0.0798441340081805,1.54857926137677,0.0988084695960082,132.710656485686
301,1.74017238169056,0.132249624981551,1.83728949721531,0.30182842112474,131.571171441154
302,2.56875871572139,0.352905393223158,2.59620297789048,0.502320745509645,132.052375037152
303,1.84776967763064,0.304859887987416,2.31341746159839,0.264467624844792,131.657003692217
304,2.53259395612392,1.93126969435769,2.01415923845235,0.113547006821394,128.161835850355
305,2.72161664556036,1.84754818329023,2.08011274733404,0.286093171500161,128.882225473852
306,3.56500433862663,0.952021184926311,2.07595425271535,0.506904759505875,129.294890411832
307,3.07403123949896,0.942301301860132,2.3029533994238,0.526651336118166,130.722689622315
308,2.97179519948823,1.52076420367064,2.15486017550375,0.762240000739065,129.371520972079
309,3.52508595388948,0.311915376675477,2.42002101073754,0.26437143815276,129.298861524992
310,2.37392958175482,0.0314516446208865,1.72089346595946,0.312413895467053,132.693171975565
311,2.33289724071748,0.216803085016488,1.91715461600451,0.37146658736184,132.55865450354
312,2.21899151725919,0.280010813815869,3.80631370685702,0.63128945704982,130.201495318745
313,2.45293621309332,1.36215938994682,2.3088438567561,0.599506086469314,129.398752963195
314,4.06730485802519,1.87449051879987,3.27857788438118,0.780255815702238,126.743270705021
315,3.75923347135622,2.11814761041606,1.66813096251803,0.0135563690839644,128.954582971635
316,3.57130816401107,2.46567635107044,2.46801538457717,0.0385006576903595,128.418202774445
317,3.405526558062,2.22802248557327,2.05638032395396,0.19402134767429,128.896635470093
318,3.1380245846211,0.271469510303334,2.27799056175205,0.391964588480593,130.891600311531
319,2.13181845026061,0.200850075800235,2.17579672156502,0.318859871803535,132.705981306249
320,1.87005694666918,0.131864980910063,2.1929803975455,0.207513290233288,132.468358305
321,2.65425124895966,0.130207845309078,2.08071381985751,1.02333484551266,131.015677628577
322,1.9114635763979,0.0578252800258235,2.19536507821236,1.86920315480044,129.141714825498
323,2.32145942960747,0.406361323075155,3.24463810265206,2.8918957819687,128.035583870785
324,2.95761757878055,0.412985780558669,4.71112026394313,2.07840724137755,127.404741312595
325,2.57752511245902,0.206557254982892,4.12960503625184,2.11953838282827,129.245768775786
326,2.71504521562085,0.172643792514454,4.43638112218613,0.787817043813673,128.383623213227
327,2.74903147833443,0.382238497384201,1.81417211558499,0.0247954286110045,132.536446483433
328,2.24211354822037,0.169782648846212,1.61355114612739,0.333686522685044,132.230139109413
329,1.82902791259298,0.307144132050058,3.5997883884315,1.31188269864796,129.307217436306
330,2.02641360888268,0.0806119756207975,2.42303675209526,0.173531528336215,132.967721706009
331,2.04434607252403,0.296428370440468,2.1603031723297,0.209840246444265,132.460527661926
332,2.35354237458562,0.965221801654362,1.47322740750115,0.233225970710264,130.220811425978
333,2.29342613474661,0.240534712051263,1.61230854003708,0.371622260983496,132.003334028326
334,2.58858169026515,0.19474309973781,1.59997783365826,0.342586240096846,131.904339311906
335,2.15881744471729,0.168868975307426,1.20500665408497,0.14789422663503,131.338708595404
336,2.36131032257227,0.0884471491740315,3.01471058570288,0.835726547026818,131.876511772141
337,2.08460583600774,0.043571928005788,2.89626113792732,0.953853686781087,131.88041647508
338,2.62770217764854,0.296094898778037,2.93853275135548,1.4316644292,130.642142597226
339,2.99733019166003,0.575704835832238,2.16190450938094,1.81758470627589,128.03340225456
340,2.91971197892051,0.46384845967916,3.56364732124623,0.0391792234442174,129.790341373813
341,2.22271407409998,0.143364371525126,3.54197915509781,0.477179776658237,131.096302962955
342,2.60090718765949,0.267672184173797,1.22965701115851,0.396820183951642,130.319951767056
343,3.3383701774694,1.52657097324141,2.43313865679998,0.760765672111463,129.296246469288
344,3.30905297223264,1.80411449944533,2.80539724338558,0.0319035166794242,129.373588369149
345,2.79839826434185,0.379359515362273,2.59132582036993,1.33494040898191,130.360452453095
346,2.01783559311476,0.295569797570191,2.13617991721789,0.00415701093105863,132.718337797881
347,2.3564139140013,0.372718852676396,2.86511479981589,0.0506598983267813,132.155076134948
348,2.36413504862232,0.509150384719369,1.88723373993628,0.0842570581871798,132.536743046044
349,2.50803836848289,0.337488675300419,1.4809021570109,0.0997715630389357,132.186493566263
350,2.76091196703109,0.772376513855955,1.55063603233944,0.329624930915706,130.897941964897
351,3.30361900282891,1.55284315713085,1.64541658509147,0.337335537784271,129.440206837148
352,2.91880928210218,0.595489075236719,1.71799799017883,0.169083444026036,131.607026977596
353,2.93522589694328,0.347875899824933,2.65191924935787,0.199436315080434,131.583194773202
354,3.1313121706558,1.37267956079242,2.67109183517357,0.595687675895391,129.892479364085
355,2.51312724426928,0.241316359780602,2.82704329056943,0.465413398045281,132.076873291053
356,2.44143457724089,0.317086370892131,1.79914662011138,0.233650877016832,132.526382516349
357,2.0842990797479,0.302002374091301,1.67700608501223,0.403963708952183,131.67006619032
358,2.80240139243521,0.110169166692865,2.12063253370258,0.336647449600199,132.10652617601
359,2.14521702683689,0.113765304979977,2.99214585204724,0.608092597783,132.026460690712
360,2.54894258559462,0.316246940657773,2.77949950548874,0.412488783086132,132.045294878447
361,2.62307455237235,0.102469758485694,2.09181457271744,0.112028688623342,132.949060310387
362,3.14446458795207,1.02627265963935,2.60166113294647,0.296128155775928,130.683634352335
363,2.44469262782621,0.540121919996862,1.88672875051071,0.41127133492437,131.827076294266
364,2.47451009024874,0.258489191700985,2.16911981402158,0.0217398058763633,133.134099873031
365,2.83791667847921,0.490577226482034,2.48739686196002,0.687421990151584,131.28443682502
366,2.20086817664153,0.211456777492627,2.93588491576724,0.981623420370368,131.554682505767
367,2.35663859015265,0.00362449268792613,3.61352018607914,2.33305461247681,129.906064266045
368,2.21760508914174,0.0685430371333314,3.01187988212004,2.33045460929079,129.67377467343
369,2.03642530681762,0.153175478468604,3.9218670925724,1.06670206016312,130.013729067119
370,2.47123648407473,0.16226625529182,2.33496037953289,0.718194193090772,132.140023800625
371,1.80912732919707,0.296502814505526,2.99582506859667,0.808106897061625,130.372743070753
372,2.08801480658887,0.120272383252245,2.24821193909514,0.392041116082893,132.726037846526
373,2.31203715370896,0.204630170632675,1.96067906569136,0.283813857560178,132.799931656272
374,2.55861218559264,0.0111625034085754,1.89387559617186,0.0292861334419521,133.239336162469
375,2.62203812633454,0.0841295230940399,2.95440025033063,3.13657074112864,127.188339617324
376,2.40956018490083,0.0941263286061217,3.99904491959473,0.694385224618503,130.082505472605
377,2.16017411674303,0.404128874130242,3.7220301278572,0.0376732420846156,129.851899562033
378,3.0772988221778,0.327386730917476,1.38491811351449,0.039923387176751,130.808693111598
379,2.34277084848478,0.270602642132708,3.03121433083623,0.174947998346296,131.991871282487
380,2.36589875839639,0.190472027707202,2.4421146404033,0.145161223927802,132.976287754391
381,2.13750135395768,0.198572865701421,1.97767517475462,0.866220408772381,131.42943352384
382,2.63962450118918,0.532150139929168,2.53383412149604,0.402355684264426,131.903719467677
383,2.26043017271925,0.140166768303174,2.57481387660931,0.771224133685738,132.186851482798
384,2.56995569015665,0.80833239438477,1.33838245777375,0.729227480564531,128.86318785129
385,2.47790835406247,0.0429684144457122,3.60341386795659,0.473647683927603,130.96619101502
386,2.5765315321605,0.0204383432879775,2.28491795740045,0.247413011953098,132.862154390966
387,1.64580488807689,0.135504708416914,2.96678267063413,0.384802889004341,130.514438092003
388,2.5419646530005,0.12351643218582,3.45862515275523,0.286595107707807,131.116695980812
389,2.66951605922995,0.0651290088208745,3.23157410003067,0.142857171262551,131.416405713023
390,2.72238999380121,0.0450915241278389,3.44474363910116,1.95570419753192,129.730578623487
391,1.92045747027943,0.0297796632400393,3.20217847303564,0.0488982076710057,131.725813526679
392,2.55729159753604,0.0307471825704179,3.3247523897452,3.3039733621851,127.552337949941
393,2.21541737910255,0.0916336557576495,4.83274470542726,0.316757212694189,127.36364338097
394,1.64834485474107,0.257906349843968,1.3004270369111,0.374383472349168,128.922591478036
395,2.24134409989143,0.124211308440519,3.13065491443293,0.443703090415687,131.957892692619
396,2.09266516472936,0.192300319767619,1.97156459999589,0.597911641583349,131.995786705871
397,2.59029726191791,0.347595693499755,2.07318768098923,0.340938567059663,132.368220539911
398,2.17196878516903,0.610853961354117,2.60337424327541,0.166553717574935,131.590757522253
399,2.58622965966441,0.0566487668499856,1.94687827896779,0.796683392119917,131.547883007986
400,2.13817740534458,0.543969076370439,3.26362418824556,1.04513152734726,130.181807255944
401,2.80440560955028,1.10893113519097,2.75992686460593,1.30406138915639,129.482542214237
402,2.56491909479997,0.570860391708358,4.34439727999228,1.96000004283348,128.541310525423
403,2.41939940120498,0.377322731768721,3.42187792013709,1.67065890847701,130.189058505892
404,2.1075472306175,0.336886726680361,3.57261436507874,1.85306815638969,129.693586292166
405,2.13830691774817,0.110463578212398,2.15508894805067,0.052635770010897,133.351681056942
406,2.41485365229625,0.132295501341523,2.5282547952616,0.318393845040454,132.763594212295
407,2.2521703005352,0.526927389323929,2.50827277602937,0.405831659588992,131.820159206593
408,2.57739701413654,0.59304008022041,2.50198814407869,0.298144899018167,131.995245733614
409,2.78075065584405,1.04497383885742,1.77424484835741,0.00933954224919756,131.584452495398
410,2.8919000904514,0.31535009829891,2.57277669562268,0.0726079620736153,131.924696387173
411,2.34935026372565,0.0497631396718025,2.30625368104298,0.106172029965797,133.346156621523
412,2.59209162147838,0.101461191397889,2.67471582337708,0.442659655323486,132.279405132726
413,2.20953510125431,0.183995757157614,2.27159585551149,1.07114224016687,131.43869893597
414,2.5191005559069,0.531159400794899,1.86653284453094,1.66272594447749,128.397912660625
415,2.70559254008538,0.687818571056537,2.35476814269186,0.708465739791944,131.216533588674
416,2.62431761006002,0.639808182658935,2.88584009537625,0.440095916588928,131.352246454777
417,2.95322575006626,0.16776960805393,2.41982631133597,0.122405103230364,131.845657537721
418,2.40653843806379,0.0344305558771325,2.40936451808185,0.602369451451288,132.56620802406
419,2.26067905385769,0.0829351989375508,2.19722527935189,0.961985773995575,131.816785675756
420,1.69099705629492,0.179938100720989,3.21765017906273,1.32129044271632,129.51276302649
421,2.57690065776121,0.301257775740737,3.54330719666995,0.891085149772418,130.60173361743
422,2.55685766563208,0.919391679757544,2.27396222814209,0.208533352608597,131.557163581628
423,2.51665813201374,0.442956141529307,1.61201444785536,0.0239014852249114,132.492922323325
424,3.00721871863725,1.89913805594492,2.73735252494012,0.75458864554194,128.45294960874
425,3.22492093478712,1.07730080375466,2.79946985719647,0.934184936792702,129.592677549661
426,3.62215029015675,2.12379830041701,2.90163495397946,0.641899583567382,128.032947197726
427,3.09967689681011,0.728160254186084,2.29567136063827,0.544674084427973,130.779185335991
428,2.95423614438012,0.512630494120988,2.10215269587495,0.0354636381234579,132.071633536139
429,2.59716991200809,0.0193785061499339,2.2195970035345,0.0797359576482631,133.081995404383
430,2.95811240408951,0.729206241321178,2.02278173991331,0.0276047303269558,131.938299706702
431,2.67423187238006,0.463439332540362,2.36637269911825,0.255245597990645,132.244242176276
432,2.29196569661142,0.653745808408719,3.2865694710254,1.34759487311533,129.88944360111
433,3.21588073315529,1.47089128382385,2.23545395795138,0.615228809206177,129.724348745323
434,2.48313503879955,0.210268163791622,2.50120133942806,0.0910427711871559,132.868103314299
435,2.78098974268664,0.0332312892213349,1.81795706572818,0.388999796449609,131.820477434058
436,3.13780118696931,0.332894858343199,1.72692772212003,0.47147547298198,130.281343759123
437,2.68133834611037,0.71423395782356,3.03143140046699,0.00377918286075983,131.178677705811
438,1.91536025620777,0.315677747133094,1.96870801227648,0.0241479811791793,132.297225904086
439,1.86535543876458,0.388045794655247,1.58273215984996,0.531607617059595,130.092397288144
440,1.98892116227702,0.14385961095688,2.12250856770803,0.00885966865381935,133.093166349188
441,1.62355170628635,0.228752152626913,1.9124081118519,0.00330293506580875,131.161795070727
442,2.05645634514041,0.0692515751696003,1.80587387149317,0.428038394307781,132.413845204068
443,2.61062717470567,0.653962813640635,2.77575650931642,0.173652751281965,131.686522165398
444,2.44806884699491,0.232667185177405,1.14941908665119,0.100540153359903,131.13377498494
445,2.17405330255635,0.0694333178434462,2.0488036702232,1.25507029430446,130.899199328205
446,2.54683421167759,0.658386481638778,2.3647840959792,1.74849608427987,129.123659400228
447,2.19388965178884,0.550292549426972,2.51009201129233,2.42948772602744,127.485744926286
448,3.26954775815064,1.20077019730203,4.58690400692794,2.09543015952939,126.453698019966
449,2.99439853549156,1.20923811175124,2.89630130233947,1.4387971298966,129.017536459181
450,2.63796085159336,0.93155363307466,2.83832353797724,0.858227211089126,130.426959473246
451,3.46752976943111,1.85838676943243,3.69139673836977,0.897342658659464,127.22721234799
452,2.72644439417531,1.03740176422162,2.2204873242688,0.487337839563237,130.932432148931
453,2.31402273152392,0.586076831934832,2.76835578215722,0.178904047928957,131.705670574312
454,2.51051623867591,1.14311036151119,3.7298774902902,0.326749362302183,128.440156731814
455,2.48272258826674,1.73911392285227,4.50349130607376,1.659081099911,124.63117380778
456,3.45762351710897,0.670757133213322,4.3872835388851,1.73025072609872,126.341295767839
457,2.93723483156611,0.173953134598356,3.39269288603059,0.53366530063111,130.199073393165
458,2.50502515214892,0.330946889724004,1.42390499063742,0.565030118794765,130.651367215174
459,2.66680927565474,1.02136654162957,2.5387542127146,0.45019513916072,130.932051012602
460,2.62235800441903,0.568787303340719,2.23694464757608,0.00219033937420084,132.559759205756
461,2.63248930597754,0.152890513342564,3.29462880828714,0.250581620682442,131.295462060219
462,2.12181969785895,0.018809015807595,1.18102346568814,0.354448792013559,130.818415383295
463,2.09897472907616,0.196754052707408,1.60784455782713,0.137697694845405,132.515700820264
464,2.67768093475865,0.819983083486763,2.33545611967575,0.336157112416932,131.600702429204
465,3.10182583653055,1.41759856831098,3.51823016404867,1.55199806337986,128.128668635522
466,3.32622259058576,1.27000295088695,3.50604360346458,2.11985543463831,127.401599137859
467,2.60476858834318,0.169000606766493,3.26520833507937,3.20344254873253,127.513866459141
468,2.35635312165754,0.426782025330678,4.97623759733775,1.36794226889699,127.309423910449
469,2.66125343458729,0.0833906974998236,2.05922661673702,0.235285598857421,132.657028579352
470,2.55731008391324,0.502650235475706,1.5306912960128,0.0606263186997406,132.123410458635
471,2.2370240230979,0.82380263548892,1.9307012111408,0.141164419676668,131.357247968292
472,2.59178296880894,0.573268687423863,2.51255095843426,0.97712420417123,131.036929921355
473,2.50366458461862,0.513840151091512,1.94897974143027,0.376626091930508,132.02192319644
474,2.52189827188021,1.11967572553886,1.48064814236411,0.042240942426645,130.627823195146
475,2.56884586318578,0.180678124218122,2.66450485609117,1.16545950244248,131.277529813422
476,2.12347930050901,0.186822470658845,2.86445130463066,1.45711934248881,130.895758582657
477,2.03882682925237,0.211171090670201,2.77857657086195,1.03411623226479,131.330474890625
478,2.59062919957675,0.443474073572949,2.75469343940897,0.157515866228413,132.072663420767
479,2.45561620073391,0.213571640953665,2.27378994522012,0.0596833218604139,133.112074850824
480,2.49648466717199,0.135793594277978,3.01424913615709,0.426631885955516,131.995007031839
481,2.25368877178783,0.255007862836741,2.62996885731358,0.0876046495438203,132.693156877852
482,2.16013567318145,0.207099496922985,1.73560667233404,0.622670783178707,131.59622436108
483,2.44298865314488,0.211355818002046,2.00590474424664,0.592459921053337,132.138180638124
484,2.22235432921961,0.0129162069230197,2.11142565552051,0.615551965341562,132.590287799274
485,2.94617191646453,0.645674807477619,1.92215446629766,0.2728700380729,131.522880539291
486,2.98205728631226,0.141146709275832,2.39329001908572,0.313317720072028,131.514848021584
487,3.00588974527113,0.681672694887746,2.23972042531878,0.139806248621988,131.667309747046
488,3.29296848537719,0.56337346504376,2.48556857657449,0.55448568339566,130.132587369959
489,2.14545550433464,0.573389989541323,1.9483472972915,0.713687002361953,130.716357348881
490,2.59946605858081,0.559774930953844,2.65648196900515,0.0509926134041668,132.112532235333
491,2.61779385917507,0.437058042585788,2.67008279915269,0.24903250851668,132.090784142308
492,2.5845593649358,0.425701901889186,2.56418474085486,0.175072517753916,132.328779419405
493,1.98729929942069,0.067075854466535,2.23411002556273,0.297742824025607,132.840121487032
494,2.07005815126416,0.155696283526033,2.78087222431291,0.360955168616322,132.294873640361
495,2.08333672555895,0.139037322915645,2.14986038184847,0.401902560049634,132.641398868612
496,2.10185639327815,0.00858323168481581,1.60278975867965,0.246143860608769,132.682358752995
497,2.44121561299014,0.140174391257156,2.03942051177679,0.16927757601407,133.093239301543
498,2.21960814921352,0.18421100277773,2.10056965434681,0.244366006157034,132.946993150891
499,2.8164302290339,1.1978237006306,1.4069949138663,0.10239296824424,130.330803305478
500,2.44396020799591,0.427383284044761,1.93812891349516,0.125324709964263,132.68090197211
501,3.13905407922664,1.12036433668108,2.64533414735829,0.536964306815402,130.298768115645
502,1.72398525380927,0.716181781038525,2.59324405921781,0.772935378928248,128.300478041207
503,2.77258310310031,0.903466878859038,2.08539053690235,0.811201753095518,130.450329183287
504,2.3181864247035,0.455392891878577,2.4439326641156,0.426764734813645,132.086008352564
505,2.02132680777818,0.19841954451704,1.75865866743578,0.632660246244273,131.406727572525
506,1.85027084780323,0.257677266326413,2.90609693021982,0.043971648634651,131.357838941566
507,2.24007825299556,0.903275732564282,1.85309258208455,0.269592925271803,130.767987079123
508,2.604100002272,1.13541287827122,1.66084782361646,0.188705288848497,130.713936476334
509,3.21496205434994,0.575964416812839,1.67164216229938,0.553060084375362,129.733682525852
510,3.35465503975342,1.51291790037116,2.23347176514919,0.0599331116560047,130.393081622546
511,4.28741315770991,1.21714316029313,1.40983345713163,0.24354184133095,125.74510962252
512,4.15049182201416,2.74864030215488,1.18604541276893,0.0757009768635965,126.061181547269
513,3.86222157536362,1.96561350176378,1.51617413229891,0.409710880203008,127.562494704548
514,3.61566300956789,2.28258856315706,1.74284011891098,0.829885352723943,126.903254997318
515,3.53401240241879,1.52324021038894,3.1471550037718,0.845701399375463,128.397793751923
516,3.50110539173074,1.8710642081878,2.38283088809344,0.85326149849295,128.467775852686
517,3.86114414098369,1.62560319989836,2.97155268006201,0.363078110505777,128.095885754346
518,2.71924668575288,0.703874373654152,2.3623523342531,0.155642636742064,132.006735967081
519,2.84137559104663,0.328269722032749,1.54862566348441,0.128099742943623,131.723995310696
520,2.12172726360392,0.279581452148871,1.39007249513448,0.0481826507361144,132.032799439313
521,3.32627207763268,2.4137258537404,1.46810338115267,0.646593647856344,126.161387279246
522,4.04120833356863,1.79150454412155,3.46431258382861,0.435880245947662,126.591552980872
523,3.50229883649278,0.301659162173645,3.43910808670834,1.14263241325472,127.519908538524
524,3.20573352798148,0.0727127078394619,2.63802434488568,1.34066047535273,128.891889058
525,2.93559941558543,1.05248871534159,2.62367367253459,0.755088526092822,130.372528863802
526,2.54404148521632,1.44045727352162,3.55119756166703,1.68225752800683,127.408192011824
527,2.51041743035689,0.678162648481338,1.94362014104672,0.449883278019063,131.539104862623
528,3.1852816617009,1.12992127514025,2.23464528580764,0.347851940969658,130.640345624497
529,2.74572715397372,0.854965147675547,2.42135825686691,1.0319126011838,130.360457209074
530,2.31559771831038,0.989244203438767,3.99754957481883,1.36568025664976,127.931516471375
531,2.82745767187535,1.64557144551317,4.08527777939201,0.24336660720354,126.436100994601
532,2.92469430027856,1.77221633430686,2.27168323250509,0.241525729262003,129.625629081405
533,3.56011963383909,1.71738811866502,2.39207448591219,0.409919706270259,129.290727078837
534,2.65261560871899,0.329726275847719,3.05236439847601,0.0798875351404747,131.651099651451
535,2.23721750213689,0.0409908866423108,1.35467006961067,0.138797260897723,132.280405914866
536,2.03113225427362,0.527843790491425,2.75154336474774,0.272626886845761,131.175784019321
537,2.1241476192887,0.270999362309659,3.56314327031279,0.0712643531150229,130.597223704516
538,2.48499063153057,1.08627866117577,1.93093276147602,0.139896484255675,131.092366110793
539,3.72408685801928,2.09307481904369,1.99590114847817,0.133792539995485,129.071068659897
540,3.7851713158222,2.27983838785997,2.05584111032203,0.370427935138485,128.330394553888
541,3.71673202182842,0.73494729673195,2.03264059076564,0.386801655177464,128.697771535923
542,3.39255119718935,0.223061453379545,2.97919908338466,0.76528708412795,128.821137155926
543,2.6388200606555,0.637679038875567,4.27592226676307,2.27302202458436,128.349502452553
544,2.03852399370265,0.269936313684144,6.51399099724234,4.10479228733178,125.075634948426
545,2.41622691633594,0.182307448475657,3.51585495864317,2.73806478580189,128.957214796493
546,2.35373227750679,0.433906358491062,5.34069735642689,3.16305590130481,126.974690671269
547,2.1337329173937,0.11095065151854,5.46514763619872,4.00864172455969,126.990114641217
548,1.55663417838149,0.00546169401543545,4.35960440098899,0.0423759982269559,126.856399867623
549,1.910651595886,0.159553653050932,4.56410121921674,1.64503374479113,128.366177288632
550,2.04586629894521,0.213400966559951,3.46520261331843,0.55176564497866,130.858063323778
551,2.39130014114169,0.605777595839527,3.53312503559024,1.56360872578179,129.711559792013
552,2.66412056378337,0.975195178959884,3.92373015198465,1.79683670180598,128.420249769001
553,2.87343993628019,0.641135894337952,2.45115292727437,0.238248497327764,131.719210736605
554,2.81655904566846,0.180666127907202,2.30694026582512,0.271926576880497,132.149179691259
555,2.59073664452028,0.322097298056129,2.03966376635623,0.923521377886943,131.132071754252
556,2.18864175283331,0.670825551621986,2.63402975552654,1.00131708824556,130.381850724386
557,2.98979227080988,0.853791440405354,3.12230666584957,0.699990207006574,130.150735093227
558,3.79796972701634,1.51390191085905,3.85045370861588,1.96299499786789,126.044058909732
559,2.59436202057985,0.227526519935774,5.11084818735611,2.34851611725497,127.581157954105
560,2.24137464262281,0.360589294795236,3.97782022516097,1.20973613093141,129.668200337584
561,2.16934894228115,0.184479769076999,2.12951100726319,0.178688376355325,133.01934633156
562,2.46724163821802,0.13203248193361,2.74311410544048,0.2610038433879,132.541611144309
563,2.18558468142715,0.440177078675809,2.09340778120083,0.138988280113484,132.461098351935
564,2.42793603802477,0.201261144809588,1.89078330654209,0.0831124554687069,133.113736568417
565,2.14426795120069,0.392574309166132,2.42360363302634,0.884086518080797,131.292161620265
566,2.35373440300734,0.0423215616583578,2.64354907217351,0.834269082273802,132.208874154932
567,2.19108340176968,0.464209066942389,2.74146241640134,0.363649251311796,131.723399576909
568,2.40879400618986,0.917311638442877,3.26209110318768,0.352165514316141,129.998836534055
569,2.7455280058089,0.656054019931916,2.00199050535171,0.318998916397679,131.80084733758
570,2.95989149715924,0.939221309890483,1.65537162002141,0.232898743264278,130.946271164155
571,2.31429201985481,0.113279262254624,1.70549295354124,0.181106420475865,132.895708536497
572,2.46771972978606,0.10787509455767,1.77795611782423,0.674061895673416,131.695222309246
573,2.24598367437872,0.737449174161619,2.69529412935106,0.176510558602573,131.251587044642
574,2.25098598754017,0.77230832649939,1.23545674757575,0.168957825255944,129.917270077622
575,3.2188426378699,0.612160506347408,1.05955878653847,0.123318407162645,128.637332111735
576,2.5477353166897,1.03893239785742,3.94683840292266,2.54395948356392,127.488680293438
577,3.13844278950448,0.718297881960748,2.7565347642359,2.64859238431678,126.558762617367
578,2.91359180484081,0.299906748633071,3.49912604281704,1.86222401434701,129.213429520319
579,2.37388615544802,0.370682784385943,2.34003079188327,0.322148557846073,132.484059547341
580,2.30514266155656,0.218233383494006,2.02170615095945,0.0504414472546773,133.231367747389
581,2.57227578736088,0.199884986756467,1.45355535022053,0.129231686018026,132.126400671541
582,1.67367926496033,0.0278601569561917,1.83976706589909,0.0046192853859758,132.261390944241
583,2.58996604994753,0.45433585667482,2.0400625734574,0.11476550958284,132.622496488177
584,2.18885232000567,0.474903772400418,1.84089859202632,0.0320711944112044,132.469428965065
585,3.03563941001433,0.181344642410063,1.45754564113025,0.275959844922554,130.466924837174
586,2.84556942737567,0.036372922185723,3.63806350672843,0.00672540943626821,129.868022773751
587,1.91552949219499,0.16755436713821,2.54266469865348,0.0368608576090841,132.469232567268
588,2.34224364446889,0.312387535623336,1.93361997065137,0.072925591110441,132.98970646738
589,2.33432352441029,0.529541463224254,2.12651010134019,0.141591661004348,132.431481332722
590,2.38067953426591,0.144878020407069,2.28764212068691,0.547873485238691,132.526870309735
591,2.56099995644086,0.0663138297469427,3.31245751660833,0.302964806274546,131.455162269569
592,2.3848119301548,0.00811092526738707,2.21436172619015,0.699029573675489,132.411712007882
593,2.29486351784416,0.881768455766597,3.68329428584774,1.28976503523077,128.778731813881
594,2.39441553555679,0.0991152356969043,3.54796779025943,1.94819462659288,130.256243486044
595,2.51630733001443,0.846151037102829,3.73284801545931,1.1892420443257,129.206894204367
596,2.85334421918551,0.889261117808696,1.39847601537562,0.869231660277489,128.431849024652
597,2.59329041015883,0.894635584758655,3.95714563863139,0.799183684557534,128.735346383922
598,2.63685169679065,0.169236640547716,2.7934606070111,0.083054525241833,132.290199870089
599,1.75645906501478,0.104208232916388,1.5753143845747,0.024673264763145,131.995221104072
600,2.51987204810633,0.0310322580077412,1.53904215327117,0.00297513741239173,132.912045212761
601,2.23627335489594,0.68776028060848,1.89618594710031,0.444034614395437,131.128699402312
602,3.0406745893417,0.978394503845646,1.62206685088365,0.512339276938379,129.978624973496
603,1.91971091584201,1.14579760369599,3.03678938670884,0.280432237958668,127.504384586288
604,3.51746124684252,2.03232425337987,3.05604967106933,0.00737308647592933,128.381515176201
605,3.69700431616134,1.40292921780533,3.43345111207106,0.243374015601107,127.735277260728
606,3.49667732186505,1.19115957830588,3.1108357997023,0.0327476578473546,129.098355059932
607,3.3932643011441,0.355721521825597,1.30306099536848,0.224724769404632,128.688020859594
608,2.73051637594772,0.236510633080768,3.05809503185731,0.360767228341873,131.450259437478
609,1.80278780085466,0.292938615551891,1.77943067238606,0.0438401060195896,131.747272668732
610,3.36391747658054,1.61038091683139,2.62084347867455,0.949049324603824,128.848735714713
611,3.03421021220924,0.194031706692422,2.60588651947441,0.193914821447416,131.302659604486
612,1.79089607835519,0.127570120363087,2.2460813038503,0.390406531727327,131.882558328629
613,1.72506058555169,0.193372099901053,3.17904768556784,0.512556125344153,130.313173804475
614,2.59771917309598,0.330303738589024,1.3263315252902,0.116098361518049,131.576466071783
615,2.50292705942791,0.011715485983482,2.04820674034836,0.407282900812634,132.707473253642
616,2.4451930526317,0.966570523977199,1.69731796302525,0.037768079662098,131.36476860559
617,2.53129766903041,0.313739647481649,1.91808768373213,0.252997931986,132.55017576828
618,2.51985155604424,0.189802048700437,2.72234761782799,0.10406870914948,132.559570332566
619,2.92370761479978,0.686577380769289,2.2498160461873,0.362950455705599,131.493000215954
620,2.45005006460581,0.257235540502653,1.94017789630254,0.638696672484636,131.882265210699
621,2.62346169075592,0.204675675735713,2.68854900182344,0.272262959201329,132.290135792205
622,2.66872259387157,0.190489754781434,2.25454558856358,0.378182080200787,132.358545192383
623,2.38251343824008,0.384430198617813,1.48149250430241,0.0105474056432378,132.382862855875
624,1.80207082096877,0.292346590739789,1.99075135176768,0.711457027973259,130.524905173752
625,3.03787081369258,0.302321403446066,3.2099752477376,1.08496476430095,129.839207563526
626,2.40629772281913,0.493293272977278,3.52075386267972,0.140925863060863,130.478801927008
627,3.14292891137881,1.7773842484796,2.50407954095445,0.0790168361020969,129.82760017161
628,3.6582348559942,0.817205679985019,1.77822021574179,0.0737389138782049,129.470259525142
629,1.87441011410079,0.233678838132189,2.979130746594,1.04218203969029,130.6555715915
630,2.41607590338967,0.641829396453234,2.58866296911403,2.08797903770623,128.613572077985
631,2.54188214027197,0.259295028430582,3.90539025044587,0.651280581279473,129.950708489819
632,1.84782074456247,0.0447511370459371,2.83980200340794,0.17621805095275,132.119842033742
633,2.08393601850858,0.295149969905735,3.0494870361942,0.323136159115675,131.568315622687
634,2.09330361862159,0.125951960348415,1.96533518448417,0.0958477533337977,133.179063295597
635,2.48379058014647,1.03838504933547,1.92280095439212,0.566876348458665,130.324822037197
636,3.63513738174287,0.85010602785903,3.13842943698583,1.70575307009929,127.11061778214
637,3.6107616880552,0.878535970130553,3.55421465731438,0.69145478171953,127.59224735533
638,2.43968193255525,0.965727736716585,1.6385529839905,0.630817562849522,129.735719415844
639,3.1865278053491,1.00562463750709,3.35424548718785,0.425192903276586,129.369959858394
640,2.4680597829664,0.501789235364796,1.2678045579974,0.627953872945371,129.47066181339
641,2.85906755218202,0.67687647525512,1.84248482181533,0.0357220235242174,132.072773003568
642,2.35262025346188,0.40145921332564,3.28298340613612,2.25001385708818,129.354463560892
643,2.50742396924758,0.156072368095842,5.02900835635191,2.07770823872298,127.895727604649
644,2.53093373571416,0.117336567393405,4.29542174312626,0.977398976623032,129.254733868481
645,2.10885725985332,0.034598567788117,3.57002751903402,0.831284865165942,131.13505992331
646,2.00291429584868,0.246253352175605,2.76430328749273,1.04672185655455,131.129033028726
647,3.62328666497827,1.30365266599953,3.78808863466586,0.454302888799475,127.133621582575
648,2.85449266940602,0.119306373474689,2.17550517686071,0.291775004452198,132.031409157312
649,2.85110856584549,0.376699878820184,2.86374969900745,0.274102317708978,131.451973881981
650,1.99129101349672,0.222630356893179,3.12215309933869,0.824965268250546,131.134934242619
651,3.20352862620675,2.16299773514117,2.36373438814574,0.958880226867847,127.636532775139
652,3.54338730272948,1.85277731073769,2.40424833440508,1.38761611941765,127.392204163055
653,2.57463863016308,0.975476782816548,3.21881671961129,1.57949438564285,129.188049952111
654,2.8184789247756,0.440401054817532,3.28657040430076,1.21571256050529,130.219107734772
655,2.2813948978861,0.256298479611223,3.115297039643,1.09901977502658,131.239983775785
656,2.59894582096765,0.659888752923265,2.61971226656176,0.582254162074231,131.444265451999
657,2.01147463228533,0.332105232283634,2.36963410397831,0.129773340699054,132.299243365371
658,2.58524078824394,0.0644328242735286,2.59536881794458,1.50000361239923,130.706266185657
659,2.13450581036844,0.128521829474221,3.0946390039474,0.294343547870178,132.008632332391
660,2.04404416195016,0.124351778481923,2.776942588191,2.06321156240891,129.726576577692
661,2.90333281838309,0.190855551094773,4.18880231689686,2.14551789457001,128.380799614627
662,2.09308470113096,0.359786864805324,2.97127872293097,0.0996990652323604,131.644149952869
663,2.51532929618154,0.177659452245347,3.15621787120699,1.18166132166907,131.13621206206
664,2.46957021095217,0.195764885603206,1.91277658946427,0.56306222435819,132.089194833374
665,2.35661221144176,0.0407237243422292,1.49387085653893,0.469339157234361,131.718913555102
666,2.12100637008351,0.809395583981228,3.38714120050447,0.485288631703595,129.304325387228
667,2.17959433269805,0.127556150006548,1.99021262562542,0.0139415081894505,133.419282396144
668,2.29923995699132,0.53637371621536,1.37048718533271,0.104284103463991,131.404638729472
669,2.17608334527607,0.49973421047484,2.34676393169765,0.0675548439658626,132.287065358595
670,2.23747350373254,0.119913089273117,1.73891094696589,0.0121197982097098,133.309205304502
671,1.9654898761193,0.150181554319462,2.09174255481527,0.793215698391352,131.550784738964
672,2.20365747610119,0.725615174131212,2.93115340856543,0.499933347047553,130.614159058476
673,2.13681575681329,0.396554409368008,1.18282453252591,0.810124959433989,128.251219996604
674,2.37141434321568,0.697626898142573,1.68403479648714,1.33477223031713,128.375740690285
675,2.5476338990207,0.713601352877427,4.21721397636834,1.317780829932,128.587315231942
676,2.4350169961758,0.63753192165733,3.71788078790047,1.87712854203927,129.220148272366
677,2.21990826899944,0.25262463712355,2.8569497010206,1.3097742992119,131.077560241511
678,2.14060872676452,0.476509079533595,3.11445294591897,0.130887230972622,131.114963188065
679,2.81652923194666,0.53228104914093,1.44430874446644,0.00572316694509473,131.712372105506
680,2.03778105901126,0.00752872266577138,1.63762322025021,0.0182266149937053,133.237315112341
681,2.07587547403245,0.0064065446171928,2.31138808857596,0.150511312143638,133.322171560156
682,2.28683249686939,0.015653293503916,2.50630157877614,0.109961805678507,133.26528962888
683,2.22635300132212,0.227897045761102,2.54856035352057,0.0368293059226182,132.881249277249
684,2.43208113664417,0.0184781878490779,1.71220075682912,0.0110157973790317,133.326773823314
685,2.36494709283929,0.200931563647483,2.69947783778994,0.0146842294066996,132.768484429596
686,2.30520640067409,0.167874794959346,2.21067695676358,0.0126062198769779,133.348851065362
687,2.21443541147148,1.11273311387107,2.16630887253022,0.270672521152664,130.067608743287
688,2.58286198938639,1.06919730288142,1.79434956514537,0.6693523004899,129.915787936727
689,2.71206840400339,0.833563452233506,3.19947135135561,1.47344596424905,129.665014543472
690,3.49715027940395,0.424297408705669,3.09176797069653,0.439107280792742,128.629310714277
691,3.14163264374809,1.99415091109786,1.80200202949842,0.60209645039291,128.1923390146
692,3.39561963861027,2.12921415613975,2.44229751513571,0.343070447036923,128.825882223157
693,3.34080180391461,1.71898101533681,2.63420976858605,0.592792591657012,129.200472204689
694,2.82827520863663,1.47788448721158,2.9147446330726,0.604628320853575,129.419963764338
695,3.06767940484242,0.731937061871562,2.86198333746809,0.665222237702264,130.42222714405
696,3.00078330582309,0.652996866326509,2.60230739800323,0.740239198776815,130.712798856148
697,2.04126431561584,0.599571887827698,2.53867343447387,0.988191413571863,130.190779402294
698,2.72185883735036,0.362940736828081,3.08484431342604,0.680262982899677,131.140476205
699,2.44109903389241,0.377112030738792,2.24452269067046,0.590160789860427,132.040436852319
700,2.42463125060315,0.0960060233555677,3.11182519979699,0.406199563147455,131.979182999177
701,2.47847542518971,0.185891599558233,2.69637029115596,0.377078165016903,132.412904595033
702,2.23291781691933,0.342889469752614,3.38407118666225,0.416752560021585,131.008048241179
703,1.75302498805873,0.38924538295774,1.44213120396685,0.627224809122154,128.75926711302
704,2.58230908963858,0.129574689542195,2.60108794730221,0.554664812132589,132.203373455366
705,1.85251693237738,0.273713000906849,2.08418311375814,0.579692589684049,131.203937055401
706,1.78042946241276,0.405029517516559,4.1539639941327,1.2920317671645,127.724437103692
707,1.87052220838102,0.0214903437965461,2.82071935203217,1.77732188943097,130.229691529959
708,2.1745802659699,0.214429597461141,3.16337364541583,1.8749582729657,130.234568017077
709,2.28859828640302,0.39136413398142,5.08187576342645,1.81838074741339,127.338108911469
710,1.99700788904434,0.336194800166369,4.29757072060824,1.6550847867159,128.590511909113
711,3.15769350830809,0.177325922643474,2.53883351702424,0.951739836272881,129.848686858913
712,2.71835292366987,0.371686604948549,3.58060344396975,0.343317753396591,130.302633060909
713,2.07587451374153,0.284933725919258,2.9644729216317,1.18874453908836,130.916437978154
714,2.45196062382051,0.116091342648522,3.08148781124137,0.569926394606069,131.881688223876
715,1.88838813098499,0.159945111312658,3.14948856186165,0.416352028951636,131.234220035874
716,2.00599657600339,0.530151294210572,3.03630010921948,0.509637315603428,130.50835608969
717,2.5858486800674,1.14123298426082,1.72807782283343,0.273619366663228,130.585048049676
718,2.59772116806958,1.29424499476058,2.92828206491135,0.821969507485589,129.404290199837
719,3.04857869549792,1.19568012832949,2.31276069968947,0.0592288577677315,131.13900554775
720,2.99362682677868,0.663666318181872,2.29609523816741,0.218437437940735,131.572816747159
721,2.30094639422854,0.922736122176137,2.90584327803861,0.249262999242536,130.433264458766
722,3.08603331178284,0.613610561479133,3.05552335210348,0.159965018711732,130.475624113796
723,3.15931089658017,0.447465911460399,3.14926785127871,1.02087086018842,129.563599855401
724,2.39907271443588,0.0188351469867813,2.65625016404173,0.139229470174489,132.970596179227
725,2.85430953749171,0.310628686301409,1.96528398226662,0.512203166520429,131.458266996886
726,2.50496113519147,0.221317504640004,2.02822177778352,0.439745643705744,132.405452806108
727,2.26856639981647,0.0583777632264217,2.7304246442338,0.228218162604059,132.827003268614
728,2.43746402731301,0.0457043650073542,1.43978076317574,0.1798921182871,132.29969531916
729,1.63511560624825,0.00474419947495361,2.18562179004259,0.320605903958735,131.693448596687
730,3.10632425510891,0.676915847290976,2.82781811912792,0.333010699558809,130.679670926832
731,1.9443037149416,0.552699566808259,3.39661402528881,0.213575534831477,129.584566392271
732,1.91545765621332,0.261189157821605,1.96207911797744,0.104425008131212,132.337741838915
733,1.98331083686427,0.775016956442827,2.25448081633949,0.21680050961269,130.509952637202
734,2.64472057636965,0.842552148145155,2.24578873421459,0.201554696854318,131.784101866034
735,3.07778826543389,0.436679463954382,2.24746819106041,0.193816581974272,131.458576078851
736,2.67843879727927,0.352528376401287,2.27476560600234,0.544062691452783,131.932776544859
737,2.52542110372767,0.474297101032593,3.18521204909642,0.886103229677454,130.94467777124
738,2.39641890237672,0.427685355930137,3.27218136630766,0.812339489759385,130.974828650981
739,2.54062836544277,1.04593067823489,1.99268064498256,0.793387333195318,129.96106221166
740,3.07839593277827,0.455902016902745,3.21240086283533,0.273920579406354,130.174521533666
741,3.05367269396783,0.401836582949314,4.76958631831531,5.40531742759815,123.033271645897
742,1.72591561276164,0.494156291764354,4.50712334219849,3.20282917962036,125.547020839163
743,3.33226828220773,0.0963422271158756,3.72251998245078,1.64066213182955,127.418997342279
744,2.28056558621025,0.198658379802995,2.9174566720132,1.31962483457318,131.198031030266
745,2.24793514512456,0.0052508032642696,3.04683026634616,1.46735645102006,131.303810973498
746,2.0454576028736,0.059751407635284,2.83115714665636,0.766330769356514,132.050302913672
747,2.70580730486106,1.54972300434092,3.0968312659112,0.179626503165137,128.99874744385
748,3.33538729799144,1.24174595194187,1.63721674792741,0.272561190189591,129.868907434072
749,2.83140210125682,0.855327175244475,4.078238704571,0.798053115831869,128.464823473521
750,2.81115925785957,1.11768757615332,4.54408492629573,2.09875162286424,127.11395434064
751,2.96543173047283,0.122523549159554,4.11879442139422,2.96267498581759,127.440026028757
752,2.40772924489669,0.561576235051484,3.45085433236102,2.76688183713131,128.174465234228
753,2.63085669475263,0.455603856134966,3.15441204385004,1.16088189983487,130.681999550811
754,3.2142058691206,1.66959359056561,2.65925448866462,1.59907250565615,127.733849578269
755,3.00854015259332,0.755425053490337,3.95586347408246,0.348524755914218,128.460000307013
756,3.48250980921524,0.401979514680944,3.06890850238499,0.312488003963058,128.775597772982
757,2.53247691822943,0.445802130438833,1.662654354391,0.309766266250442,131.872010022442
758,2.52417913914248,0.268541624288187,3.03083480717833,0.181216600945368,131.898758124963
759,2.90014762265639,1.18348955365173,2.6863955287272,0.807768713969276,130.073374750359
760,2.7852988597993,1.36750372204191,2.28156192505446,0.569660819140989,130.058308879483
761,2.0785476410111,1.47829598877112,2.17956170691884,1.04015387782255,126.196132987559
762,3.5019376802759,1.33993445533587,4.60949053711779,3.56188365070024,124.816155666564
763,2.79804281321258,0.121155584337328,3.26709482165477,1.62208676559956,129.994916168928
764,2.28541183831875,0.145371079492546,3.89906393546309,0.4159474413895,130.228635599428
765,2.13743061722829,0.100712596988739,2.39416017604528,0.382947725768863,132.814920688083
766,2.12186734852494,0.108542666384732,2.22619050876595,0.0699816701622524,133.289154227283
767,2.28792911519925,0.267790369273425,1.73194180138038,0.300752113386293,132.365792426937
768,2.32100926561578,0.144325644157851,3.07153136172766,1.50485629790374,130.994502411053
769,1.87261572937192,0.290115799476687,2.52080633722941,1.51944847000958,129.641560269221
770,1.99814096516566,0.207301156782458,4.33705431557001,1.57788712255312,128.923877855434
771,2.72466113916398,0.384156774795786,4.8690520096337,1.88222227301592,127.620579808321
772,2.45512245842612,0.333493137202083,4.12788065429211,0.982289278707777,129.456339059226
773,2.12808985179263,0.364876622882715,3.44496769185807,0.269451922760353,130.670376497406
774,2.73457662782159,0.271491084326115,2.61131854942187,1.35775739859251,130.536175730786
775,2.30195424032985,0.161664619544986,3.46786671467923,0.31642239662504,131.248678194867
776,2.15651825442587,0.176341314566837,1.71805763251673,0.167559957372515,132.760505655894
777,1.99484344121627,0.211791813947695,2.91912959265986,0.511895914417297,131.679916821747
778,2.66392104951405,0.339966952463836,1.58240139958515,0.268914529837366,131.795150470176
779,2.48478023374214,1.01206657055459,2.77835893044544,0.262962306754968,130.718824854612
780,2.4043587074735,0.742369673050324,1.86007684037969,0.262109742650515,131.622075195776
781,2.4239677438533,0.82547157056738,1.30300194533349,0.279296548686657,130.027356433742
782,2.61217261489136,0.322967315642883,1.73133682869403,0.42444744011904,131.804744931946
783,2.22551744781074,0.354091437336051,3.40055751865207,0.0596285510044203,130.946295797576
784,2.37952715849904,0.493038843967781,2.90304750258794,0.0789806038823549,131.830096467206
785,2.0098281146431,0.898439850974819,2.07019104377983,0.0619220716998691,130.385816371864
786,3.30295405536531,0.013631422771697,2.82196308624485,0.286553706257298,129.5989490449
787,2.69282585442678,0.171982243594771,2.20598718685183,0.547251724902509,132.020541675809
788,2.65659389198477,0.287422785741086,2.987632293799,1.20947525152257,130.892311329848
789,2.33068568348356,0.33713157624063,2.76917323136744,0.78979799888675,131.703638774571
790,2.9811946463188,0.321504478098314,2.65721722287396,0.0628502008194021,131.554713418769
791,2.94177483842808,0.149259771969325,2.39130440364348,0.0861370976335031,131.947950887988
792,2.44603872053909,0.00989545365589928,2.02862442243845,0.097907712979268,133.362080538351
793,2.31995254576556,0.125216325180925,2.18610143419879,0.466719492298868,132.705166207636
794,2.07578491687055,0.311075024003198,2.82703090241522,0.874882143133415,131.308387316637
795,2.50158961306159,0.0151189938073131,3.19274882019347,1.20620775866749,131.263775281241
796,2.54646853167423,0.350377800590724,2.24349602105659,1.0971454150702,131.006902677955
797,2.64734493920924,0.109459303760236,2.55385440859597,0.0185400242927753,132.702773154881
798,2.11323593703724,0.499742067180467,2.47854097153442,0.462211141263546,131.554748392081
799,2.48569888374651,0.139984175270028,1.79267215371252,0.140653494373581,132.932637179806
800,2.07734607849197,0.00641766451999367,1.7124808604215,0.36999724942709,132.571071744475
801,2.02177719851815,1.13613433334463,2.03608141671871,0.275766072866787,128.996366976535
802,4.00269830658341,1.78248802728122,3.31526840179794,1.99774813224533,125.674462287243
803,2.50785450779103,0.386786700504929,2.26588459841448,1.39600882032489,130.324857637955
804,2.22930279279491,0.744500468216152,3.5766555299142,2.30809173143473,128.185660577581
805,2.97506886058915,0.458023749823929,4.35618744712393,1.16972795561835,127.974753161906
806,2.45844602598298,0.310134059708198,3.49664673514503,2.14762794465309,129.670805793291
807,3.13259827558704,0.0983608873963846,3.25314569504967,0.362635765035829,129.726700362675
808,2.38296390721539,0.0381816340442431,3.33870813075222,0.0365301608586012,131.697093861147
809,1.95090102814623,0.586881618528185,2.26582361686682,0.210366928779807,131.125030208182
810,2.23784552238619,0.568710680924309,3.00910005213002,0.11619350744335,131.260460222767
811,2.82590904103696,1.5281547736528,2.0165459175302,0.0982168782223545,130.436976373625
812,3.08845836422326,0.0550304648150672,3.10087973603881,0.320293565376626,130.188195009162
813,2.83708310833194,0.540833440481474,2.72881479417682,1.43023125141247,130.040328872386
814,2.6009474725783,0.0568284327627695,3.65507602020712,0.942817352013473,130.56580881616
815,1.86476512088844,0.0316306133846334,2.02802407381387,1.57378114386688,129.524421301695
816,3.5587522651105,0.558569694408557,1.89045695808688,0.407545575886669,129.073518518023
817,3.13316355405486,0.458570195857453,2.427733898612,0.755106306056228,130.378466837119
818,3.33107845818765,0.927740986146636,2.26347210950164,0.97580991138817,129.260919475225
819,3.03519316451344,0.160641775137213,3.09509690957359,2.47594883378684,127.737385322383
820,2.50480970221057,0.36358372199939,3.74795448761451,0.693346693706541,130.212855046674
821,2.16145196980695,0.474043238019329,1.72646567696989,0.328995679190236,131.620762067564
822,2.26183398562284,0.691138043389958,2.5879030250187,0.387245694545118,131.337476778105
823,2.47263102901151,0.355647338179971,2.44669097504086,0.0327972836852888,132.78116443647
824,2.272716288184,0.380332796404886,1.58603889481865,0.0332793647410989,132.498896787066
825,2.74035776153778,0.975775763991861,1.63903601910445,0.0273634155187506,131.510759916275
826,3.16848035395054,0.83954452955723,2.36556423358925,0.0879748816176799,131.192023820023
827,2.64718270629528,0.0667170644788325,1.9877526559356,1.37273545781132,129.981871059756
828,2.71584234188203,0.484583605504954,2.88982532918105,2.46180312653859,128.295561845004
829,2.48708236460413,1.0788339379778,2.07979002440184,0.0824153189944577,131.263957685825
830,2.546438520619,1.28449988825389,2.24263337382841,0.952080495418163,129.198073021793
831,2.45281711515067,0.892888077063022,2.94075399507544,1.04013650882965,130.077167678607
832,2.68678589775067,0.209853379756607,2.19063967278122,0.533222971050341,132.03014588282
833,2.14958968472795,0.122994606272018,3.64648143364156,1.19799363783404,130.710046845907
834,2.3116805534003,0.623857340157593,2.89502749663035,1.69840214341491,129.638171087682
835,3.03568312946193,1.42494104390737,3.06197255726761,0.829716806971893,129.251839911473
836,2.79329238153055,1.64107243535074,2.00146776374927,1.23795676778645,127.511585768325
837,2.69849651826099,1.40017908633986,4.16227365817185,2.74690814791552,126.348704359273
838,3.14439405409296,1.35751261700572,4.55038910668773,3.02149639905777,126.021236438453
839,2.90078904973429,1.47194716944129,5.22691076368236,2.55096399360973,125.11686962073
840,3.44546420449061,1.32759983049062,1.97043168042269,2.41899064547674,124.01768497634
841,2.5771934073553,0.0277446009921501,4.59681119290479,3.44963185029144,127.849907813983
842,1.93641419808515,0.0566186844698504,4.11875803334348,1.63831621873928,129.595342052648
843,1.85163232164469,0.143338870910952,1.91266564763699,0.19102776483845,132.313536538463
844,1.81473879391213,0.0100652956118276,2.82220138697142,0.12462358471159,132.178913401189
845,2.17237817916019,0.152524087892391,1.3846462015132,0.0606215083352609,132.356030871888
846,1.68712193878255,0.228719059860596,1.37070588706402,0.274327083953721,129.887944546694
847,2.52742880865034,0.120734637932347,1.03231969597004,0.34937834562265,129.579813740967
848,2.39503101272647,0.184812984292321,2.3477875274081,0.803189228194511,132.024421564139
849,1.85601575042454,0.0701438062524886,3.11647701318208,0.545765086280713,131.407265252202
850,1.83033036413158,0.0858211908419747,2.89034408897529,0.899794654282395,131.224097339669
851,2.41693280835138,0.070845221959361,2.43057826313253,0.98367399368852,131.866125984169
852,2.14770635881911,0.314456780420881,2.25100844832756,0.569933267044747,132.020545600527
853,2.38728802923089,0.380137860047372,2.39605635558791,0.0825671378531965,132.745303595342
854,2.42690008527914,0.0533014243331765,1.38999496156464,0.0570159872242375,132.501259232433
855,2.10171457334491,0.0409776882546478,3.37453283541039,0.626839815710579,131.537052339446
856,1.9686092901224,0.198012381416357,2.1442582745053,0.401590661636164,132.23236351447
857,2.1267111357043,1.12974381056138,2.25510437144917,0.224350862946164,129.678620372057
858,2.58378860188844,0.2246643948209,1.33056424961066,0.191344745547926,131.498300124549
859,2.34563739286714,0.417264915228376,1.70704888691996,0.825528096372158,130.648385558924
860,1.74735101869821,0.404375543864274,4.28458719106474,0.89707648568282,127.159293927394
861,2.968256463979,0.328514965551713,2.43552876568214,1.38302353677339,129.722124526329
862,2.55998127242977,0.472074484484585,3.83332058575752,1.58142689395832,129.621973920821
863,2.50801090593961,0.503123031738019,4.45380010613167,2.56286489351421,128.249530526569
864,2.80216249653402,1.47386850007494,4.14729003235534,3.06408314211912,125.898775921864
865,2.57798706962512,0.246801806292501,2.26118826086878,1.58048756008238,129.972935467092
866,2.80837846347456,0.149946809373749,2.28307478337881,0.44279523531915,131.922309686652
867,1.88515453115193,0.0683887650891934,2.2547930536211,0.715302169414559,131.857940135541
868,2.13967600132269,0.892958488496403,3.16591498192555,0.742259815320724,129.323978536224
869,2.82217904027331,1.59751871677428,1.54822726873194,1.1585475251741,126.55217564936
870,2.73090186499913,0.845289937824757,3.97577981974962,0.2788501654686,128.612015726742
871,2.8238142206196,0.143874795027273,3.42640702126927,0.224909616742186,130.524201086888
872,2.56030850135809,0.166628444741717,1.774333320404,0.15150443011851,132.752614819188
873,2.10133346762007,0.308734912669981,1.60153433283211,0.0554323273955078,132.410141283764
874,2.88517729855268,1.1427064810023,2.20338163750004,0.35500833632877,130.935312075688
875,2.37583671200794,1.47921016400819,1.76758025477846,0.0149401040289699,129.501741513139
876,2.59661983658947,0.546917806394309,1.54379340373725,0.126613628786707,131.889153945305
877,2.69062556551957,1.85266081084823,1.62802734708457,0.289419699811957,128.241631426247
878,4.12672382709602,1.96490144046628,1.58854785932355,0.714758098326764,126.203025597572
879,3.6275825586354,0.299297428441591,2.08880925438174,0.897688040127238,127.520381106899
880,1.76483797346465,0.261821105221947,1.81652694156555,1.0788510867358,129.176670075964
881,2.00956893160522,0.432924066797475,1.98518870744295,0.753852938629503,130.73868423064
882,2.43871895683476,0.465282540412324,1.74742693408031,0.312414427384032,132.0070095188
883,2.32997087969911,0.565739251670398,2.02953255928053,0.197394095704189,132.228077569122
884,2.72252878155915,0.310888690237635,1.87480762511539,0.168868388181402,132.401430108327
885,2.94384001066892,0.811966934400264,1.95591222600497,0.620426242998783,130.666887247433
886,2.93346749672442,1.44719780603613,1.7581759717534,0.163523894137718,130.398558039161
887,3.44626777795381,0.658253566535222,1.91539567120407,0.148625084894461,130.207484443513
888,2.69329053724375,0.713085701401757,2.0700160791782,0.5188509341905,131.412984711409
889,2.94358779475379,0.194685067471671,3.09057215577175,0.330414272374088,130.816064862021
890,2.34493654332653,0.041078936472671,2.34435822308772,0.35435634384146,133.001678506364
891,2.21233417963473,0.0968979676628814,2.97305700959938,0.564382632168358,132.164603279461
892,2.147183640106,0.0406113864989284,1.55532126333465,0.204520245496263,132.649862273986
893,2.15349808990239,0.188740277444602,3.20503674059003,0.297552316984589,131.677310424672
894,3.16329259805661,0.150400513823142,1.93323799656905,0.417604156794325,130.509571427478
895,1.62804988379554,0.175891158396823,1.96518774673556,0.178368901325992,131.123516842902
896,1.88696289161443,0.0238803789392767,1.37823196531877,0.642456149831515,130.358028281941
897,2.81885351516899,0.104704829467122,3.34033320510004,1.73621809468318,129.758334796755
898,2.52840616735511,0.0752755732113568,2.24081612461664,0.693643241843159,132.163738783658
899,2.05407680872835,0.0555865411986918,2.20203551510124,0.0671124713268343,133.342581496695
900,2.46010261214573,0.881157508810399,2.35424633454137,0.392708723140951,131.258525051596
901,3.01942015017874,0.194598498645419,2.27577036758595,0.289536582289164,131.47045431676
902,2.09871558466664,0.226110256041039,1.77274928564619,0.753794194095079,131.194698436323
903,1.87683544552013,0.0935322526215437,2.56239329565787,0.410852201439383,132.170108647167
904,2.48432655185842,0.149128816213769,2.84328173698031,0.922472600643986,131.729630612661
905,2.06858164353887,0.241861750468356,3.2660579955253,0.188357557121218,131.302912730951
906,2.31190495003856,0.301061216562962,2.99837865202925,0.0300400430746445,132.041972653423
907,2.24615477422648,0.0926637845314615,2.96051105493314,0.898676257292269,131.89131986946
908,2.27642195581617,0.233555844672495,3.26740779680172,0.910175541597819,131.273075825956
909,2.4578429354036,0.0272373622612307,3.54952717884603,2.3510939936454,129.742285957156
910,2.3357396518971,0.392222442999848,3.90025821823596,0.34457846546142,129.723037077892
911,3.29408298733728,1.60001144972618,2.05199027372039,0.677483125108274,129.20405416367
912,3.11111094048981,0.206835161798363,1.84879852351727,0.505345974121445,130.457747459384
913,2.60959914529558,0.360568669071934,2.24355071206619,0.20319017569838,132.571042482976
914,2.18529822539999,0.480687125616355,1.91050452616235,0.539064605021448,131.435450478199
915,2.6147953814617,0.658500090725961,2.86887428099045,0.0671205536409481,131.591935845054
916,2.79707675604752,0.442541014148991,1.64996542407829,0.403731057175177,131.264136924795
917,2.96061498938605,0.441905995355811,2.40542350300315,0.00993900845446858,131.943855498564
918,1.58538595702413,0.299711422723871,2.57878703112367,0.929904992893141,129.077539094422
919,3.18863133723787,0.380977679587175,3.65933458437921,0.203298546733967,128.727799201324
920,2.6560653974216,0.0850024295419085,1.79708485095837,0.0648414353627159,132.835538726283
921,2.98401746732461,0.00181658427189251,1.96995658769629,0.846933431976214,130.230957687605
922,2.54906601017045,0.126901148028667,2.82865151620263,1.52724011563401,130.77608852032
923,2.56848609088352,1.00828035258758,3.04834801190433,0.640765836904353,130.188092537747
924,3.23578164379642,1.23173976584738,2.75292475690317,0.529675405280949,129.940691839054
925,3.47060373543043,0.892217264902131,1.05060644553282,0.725990805491528,125.474073591718
926,2.65845158664695,0.318390385824963,4.2775931973897,1.5904594618655,128.973255310857
927,2.75868796382448,0.22433940826785,4.35862686947656,2.52927383557831,128.342453435255
928,2.12841700250814,0.128749394131998,4.33290247441101,0.472617945828307,128.984473431783
929,2.27732335756172,0.109875745741586,2.36530891409347,0.580535596665359,132.567669922052
930,2.29802074664042,0.191154316020742,2.86404293369897,0.649746920776443,132.055616316829
931,2.2979301568703,1.26000033390066,2.39668933751073,0.323738769782743,129.671807335141
932,2.78983254238863,1.21576731411202,2.11422546354757,0.391101760523756,130.69982279294
933,2.5820876594384,1.09180932451823,2.47032752632729,0.258372742353345,130.967287828307
934,2.71968979631027,0.576439754264256,1.85317113395611,0.166200115054826,132.126074363263
935,2.19635327568139,0.068953614862643,2.06664486266145,0.816151466275085,132.007726259693
936,2.14676166938817,0.898670922342207,3.17436832624085,0.0852686675076926,129.586178563702
937,3.28285662497121,0.429226571453201,2.96749988764693,0.451290403692426,129.76577607725
938,1.84232213471135,0.15621998635824,2.27264105185414,0.255834530471466,132.195341119933
939,2.91009117173543,0.228489738456626,2.37539023056507,0.255116404526313,131.856610022106
940,2.45401162863155,1.28514476798453,1.99052729270797,0.259566968145761,130.181894368187
941,2.6520343851528,0.733658941642783,1.83154272871625,0.271004761278006,131.693637671558
942,2.42011797798485,0.518407701329938,2.17422747450323,0.880835488892674,131.151681194374
943,2.34369769412776,0.584875072423037,2.13823105455782,0.157804893898906,132.279377721719
944,2.63724143211045,1.18364837316501,1.96608060284659,0.227734270730809,130.895210436128
945,3.31893482645138,1.88376299857833,2.79371074022288,0.968468101935593,128.348631538778
946,2.91851416024274,0.664547170890323,2.93196712105885,1.65066398718368,129.447340651303
947,2.1097538414748,0.619355447162679,3.2341576050691,1.52670840567741,129.40526384892
948,2.287109047911,0.142546561211351,3.04982237355407,0.753619021319805,131.845350436653
949,2.34175784083521,0.264486359554542,2.64280982197664,0.538798401205932,132.234809531772
950,2.32208280197944,0.325408962586506,2.71738613695822,0.664787609323753,131.908974776135
951,2.59961646528093,1.21716050831433,2.35019776727586,0.597781211704738,130.20532031977
952,2.57209644953406,0.936544330611991,2.83362272073486,1.35347556894666,129.69997443779
953,2.58254566666257,0.279635371470701,3.47802781547027,0.737833438065986,130.786723314162
954,3.04490101829522,0.433637061524628,3.46229855392281,1.03425906334452,129.53730903772
955,3.07530919213225,1.32987046252865,2.81775179161597,0.620727721180372,129.853801061224
956,3.08474882414975,0.0618000745910805,4.4390288862046,1.09006166922678,127.274394346938
957,2.21372387226026,0.0819787682408318,3.55309142082445,0.772851705791651,131.14882292617
958,2.45404091084203,0.169795043976275,2.96279402012269,0.0372649517825667,132.284429796579
959,2.26565910136154,1.17692668338829,1.78220803604674,0.136456875469861,130.051549176201
960,3.12035818455045,0.595435990839574,2.56852034134323,0.417836664832765,130.84983058088
961,2.90672020751177,0.107478842390388,1.59812172303845,0.0945868835950079,131.748293807423
962,2.63154213086643,0.443524605321675,2.90262705773229,0.0314084094087682,131.85939644379
963,2.37170033703784,0.239498480232596,2.86927729303131,1.0377026732534,131.523449102581
964,2.5257810457456,1.09437587306341,2.3661100976191,0.662765979854774,130.336959128352
965,3.19890627183993,1.23952237705094,2.45235395824302,0.864832074304419,129.661685843409
966,3.4350163821456,2.04719840381672,1.95431718260294,0.846983562500895,127.816559884025
967,3.44175265638582,2.19702428621329,2.22153574586548,0.369957165408298,128.699883516723
968,3.62056611225233,1.99581428849872,2.55706107237192,0.270529648416441,128.943404769582
969,3.34699293675519,1.71902819964191,1.62556588217548,0.641318674808611,128.2755666945
970,2.67417380450537,0.9763047419676,2.80067596657097,0.219323335120666,130.985543815902
971,2.89739842666015,0.00167454773779751,1.8529917330949,0.114368014716478,132.058638298344
972,2.76450936857332,1.0140643642531,1.49817676967713,0.144492690353044,130.845739489919
973,2.16106541448122,1.60561202932154,2.6906138104248,0.245882832941089,127.256212356261
974,3.17415638912138,1.29500348407782,3.02735098831976,0.323592636934052,129.751943900274
975,2.75486032737477,0.204087875179081,2.18370081776458,0.805040538311758,131.343618223095
976,1.79069905223298,0.00417146596236778,2.56678664310369,1.74091332864537,129.881125640507
977,2.71005180484986,0.0401255253127946,2.37909777715643,0.3103570574686,132.400805313576
978,2.04714842637306,0.232896538873707,3.03584351762989,0.0091454830717295,131.810678414266
979,2.83172414803786,0.470433239214508,1.81743998252949,0.696856794566535,130.764013282825
980,2.85124159816301,0.576164466875482,3.33117809904948,2.89204529228538,127.502249958283
981,3.11623521545862,0.0524146805104918,4.34883505462366,2.01292698520687,127.353938518528
982,2.43959417792643,0.0301081299428918,3.62607341719514,0.842630565064654,130.950508408499
983,2.11353058781998,0.15630435546259,3.73451026707514,1.62084679351806,130.226123277329
984,2.32643809106577,0.162478580725481,4.59006746231769,1.98308298380233,128.889317626632
985,2.80765731861938,0.234630861913434,2.12051209523537,0.931181000104017,130.859761979556
986,2.47935049495115,0.0853332796577546,2.53508253452803,0.0924340044960921,132.982627390795
987,2.35464474253325,0.199607994228012,2.317673699405,1.17497561576127,131.261064688058
988,2.20990454036079,0.145552416155172,1.9441438491802,0.281889562703425,132.876948007714
989,2.5735778133613,0.626265183529447,2.76392713551021,1.72498906337512,129.679962016248
990,2.6913004344674,0.665033907949751,2.7728278404109,1.06059412139815,130.67989457534
991,2.43753995450782,0.229952172760905,2.91515554475737,1.40185766685495,130.987835923135
992,2.41200572373694,0.519539669550263,3.69976036390836,1.11900889534294,129.964142319545
993,2.13852778987205,0.17838728610157,2.1221345143562,0.0536964744900833,133.199074516927
994,1.98399898834839,0.134437026677354,1.98995046374367,0.0285498488569344,133.079536445924
995,1.53565894619902,0.2177572130613,2.3829850909539,0.0681504510145317,130.355305912144
996,3.4702262988562,1.44685771206013,2.27922767251405,0.244179789060032,129.973820404614
997,3.58652587642714,2.01648039795471,3.68097911172736,1.52449636450938,126.618913023482
998,3.78949886810439,1.46974780772234,3.4903526401232,1.20577362529492,127.039899854174
999,2.35030041529004,1.12963328909585,2.8541990653819,0.667548725795706,129.592733462852
1000,2.58042128296572,0.510063627116663,2.83105562111888,0.000947506040003731,131.95502636316
