"i","lambda.1","mu.1","lambda.2","mu.2","p"
1,2.54585157103126,0.0137421946112195,2.03095041687857,0.476752848213046,130.991129353105
2,1.89949316890587,0.000223770638050877,2.871038601789,0.504877892074497,131.499157903999
3,1.90200178897694,0.0635973277114417,2.31409517327008,0.96042467700873,130.710552265153
4,2.16415784991557,0.16335063479156,2.6314225978016,1.33921190095077,130.267623795229
5,1.97101933792692,0.0925822957088353,2.77121697959051,0.0810497824212383,131.754668255686
6,2.15335705811434,0.149557820215892,1.87170558384585,0.680297140209765,130.685794916494
7,2.05067248422119,0.827460036905044,3.40984421008056,0.685315393329643,128.200449057561
8,2.64510339027789,0.702468147419769,2.77802543434104,0.220545905158248,130.269439637331
9,2.66063752221976,0.667617034024258,2.74974547961069,0.309655665647149,130.265859009912
10,2.54375916072907,0.66614635382659,2.40601057265368,1.16587456623989,129.215769095266
11,3.20025341656049,0.568868011420771,3.06041273996362,0.481544070573786,128.344233531859
12,3.17734975095871,1.26847891198609,2.22275263121686,1.08806084558718,127.33533718105
13,2.31112378357782,1.19346017655443,4.9815028061532,1.23886629222836,124.430883469791
14,2.7147630892081,0.637064333383837,2.62006544858069,1.3365472711811,128.918402636101
15,2.35728786165243,0.648552060542239,2.05121255539429,0.230591388070068,130.672314616329
16,2.50569122998857,0.994615229922842,2.05990469973174,0.883006099873326,128.566195027573
17,2.97804229446336,0.146546081708742,2.74918931057335,0.151154693289823,129.725221387379
18,2.25069784524824,0.053990313440449,1.80195602032692,0.177689524019182,131.816668720612
19,2.21713430644012,0.206940131464241,2.49884437914983,1.48559736687839,129.774535374475
20,2.12031650789186,0.190629172858778,2.12022980850072,0.926951460517958,130.457646218513
21,2.64439783905638,0.938184178611103,1.9914986033533,0.866771952462852,128.651773304399
22,2.15386859366031,0.911151337553008,1.64442879862515,0.754801509553728,127.541022952132
23,2.41695643657972,0.91650496102761,1.78062512211177,0.0712647967776376,129.990541969191
24,2.48730664039917,0.601962183199902,1.89064554743514,0.476915473795378,130.11938653632
25,2.59899015523744,0.179610285499911,2.21115659702933,2.293277040373,126.638514030692
26,2.51033055839076,0.973143666004207,2.63728029912921,1.14826079941673,128.679100992291
27,2.96433527717026,0.438178334682415,2.89517674632639,1.4695084586144,128.300595600429
28,2.80079924423236,0.404745373248308,2.29945791939224,0.8347303192523,129.599264369973
29,2.53723622011393,0.54137212363554,3.12810351337545,0.430022299630742,130.111411387717
30,2.49444664599464,0.196468918398495,2.46238837801041,0.402019390711645,131.253913726431
31,2.58292081527887,0.160593162097193,2.74914551014024,0.312076262797069,131.020846197021
32,2.29047167998711,0.417338384658177,2.22388411103515,1.06506983883835,129.81720886062
33,2.47443999879325,0.0783577138923792,2.93677492630121,0.924181284383141,130.652692951196
34,1.40560589989413,0.00489743321322305,2.85452651022306,1.62198679942282,127.782336453752
35,2.0449543186232,0.378871739342722,2.78166843538688,0.305544662706582,130.834167117563
36,1.90695000384793,0.358267757940042,2.86439563997559,0.2382417413563,130.515641635434
37,1.68096701645523,0.4140821247106,3.33051921372792,0.943858167161309,128.278274675228
38,1.85677057095216,0.69394775098028,2.07014590613688,2.07733543527381,124.839025748548
39,2.2653229578328,0.836479456217951,2.849437163601,1.17225144225716,128.794981894899
40,2.15544471259997,0.617683404405156,2.09659070502081,1.22550363599235,128.543966809035
41,1.94501506733784,0.312964699986781,4.88536471639949,1.18026963407956,126.900926489346
42,2.26225906183478,0.671044636647941,3.44649709764658,1.03915202208103,129.064704599785
43,2.6917844896654,0.818039674117173,2.81878831634144,0.279199796883466,129.931739471172
44,2.56827593427636,0.0951729131883873,2.51548061949225,0.214718644146114,131.371410209931
45,2.48512267609377,0.0461881129126706,2.64232779691654,0.0989362630097004,131.637570613963
46,2.60820492533785,1.78870396700815,2.05749827286241,0.722015495676185,126.341883715331
47,3.84804242247858,0.79577933564937,2.94962506956641,1.6180017919116,124.160625633256
48,2.96973208101246,0.05266359858641,3.68244655305224,0.666900582139802,128.117752994431
49,1.65194485539654,0.0151622314752363,4.76397765332991,0.15318262648194,126.412986490859
50,1.68135543818296,0.262955045990101,4.77408274667784,2.44441426590134,126.55598494724
51,1.97575886901402,0.139582919582141,2.83041124073027,1.19101460384533,130.471317922948
52,2.38146710834724,0.576005591621041,3.1497827790646,0.584007065106265,130.011092810083
53,2.40352926683226,0.704777853889881,3.47928103215446,0.346892578446856,129.246713843019
54,2.54594448858514,0.349711558536537,2.05728667413286,0.580214442621478,130.494620750939
55,2.52856291447169,0.19211598900657,3.06449093720335,0.290155155665749,130.765526497996
56,2.41724119142051,0.492445199253314,3.11326682579496,0.86487426082407,130.034849747719
57,2.33521859092299,0.595134627439107,3.8957297182184,2.11521995649116,128.166018583709
58,2.71278642559465,0.122164633973343,2.35119570316196,0.441171636949904,130.667570316402
59,2.21369893208737,0.243182586254783,1.77032748501383,0.138786159383166,131.48573601256
60,2.22079682988882,0.288315226228998,2.084517449605,0.207278764572128,131.578282860707
61,2.47138482434868,0.262797497536569,2.55007053994483,0.0303438921892284,131.559595114493
62,2.45033602148072,0.143630770340143,2.3092602446373,0.186756090180136,131.702299129225
63,1.79374282177038,0.21187191785228,2.78695285477137,0.645938039276945,130.412197324741
64,2.06960420748032,0.368663098851682,2.75564297154287,0.280109186448892,130.955764828353
65,2.09554636516506,0.0246853352724937,1.75711483887357,0.317509423557412,131.56424041894
66,1.85436465394298,0.291813721041423,2.9935127932679,0.800153499874315,130.03820259883
67,2.39888565868818,0.532224571288722,2.27624070337409,0.892084356535986,129.954172024415
68,2.64761140903854,1.67770907551224,2.34830550554517,0.229466840863873,127.875105634294
69,2.92105936267937,1.82692876095023,4.15243254742242,2.12136963377609,124.88206796752
70,2.65308455018305,0.205646651345386,3.22017429990764,0.0167941215139934,130.24934498964
71,1.95461345714563,0.0431631761394084,2.64302361138874,0.442999037368294,131.6799024297
72,2.41570241732511,0.0363602999946713,2.77719429072942,0.614837504180843,131.230856504135
73,1.60347696073241,0.0806991898197729,2.11435106266302,0.0831287456260933,130.9190482841
74,2.91875192342341,0.591033284994718,2.48583647089717,0.746164982146809,129.384921099318
75,2.11892905316716,0.757946687321376,2.62577923730383,0.793792553337538,129.25130967074
76,2.34254055164951,0.227327629646967,2.35771901111953,0.333584968452417,131.53274231894
77,2.32300610703762,0.222041217238529,2.01939373870504,0.40978448553422,131.27195684404
78,2.16837279209087,0.376803210994074,1.5033963433546,0.0102042069270754,130.863072475741
79,2.34079124398369,0.487508366589446,1.84931419469155,0.119770096594794,131.076101154366
80,2.98354551521204,0.168451334901821,1.70658458154797,0.0148642428873322,129.834244794624
81,1.57920265534416,0.0554151332545536,2.06950350653942,0.151974995092566,130.770935596052
82,2.6079530549913,1.42334196616987,2.117196573018,0.440823144048799,128.310217856381
83,3.12839465479244,0.599140995764023,1.79221141222583,0.121227945998925,129.247189953476
84,1.48467921364904,0.25953841093161,2.80006187536487,0.192363940926318,128.772692516332
85,1.90998838376639,0.245819416695405,2.31986633140822,0.0578280202164921,131.519072774422
86,2.19562868694321,0.405847747302842,2.60833469233934,0.823049620022686,130.478467421574
87,2.65962240245413,0.530872649635482,3.45516785951146,1.98252873614323,128.376715063031
88,1.69681645353779,0.529277117438742,4.43499539262325,2.39550589282784,125.800150478726
89,2.94659130895954,0.444527942780167,5.3684347881782,3.67997607699761,125.146654390838
90,2.90092116535906,0.739048154765631,4.68012555172864,2.06269640123153,126.452885203223
91,3.20578907871721,0.759824352184552,2.83068005603234,1.0579393154428,127.964795814063
92,2.87420954851102,0.353263784416562,3.22138365895068,2.11469778882683,127.73439883153
93,1.80775541707713,0.016300428308412,4.24444779875983,1.07485734635212,128.970282008965
94,2.02095640258422,0.0370444032351305,1.97865766127275,0.216736164924836,132.012759522041
95,2.85055337221948,0.960332890749017,2.83521679478929,1.27331477651698,128.421226614911
96,2.4993970128127,0.401164229282665,2.35224855467529,0.504491095631923,130.822693443585
97,2.0956658700966,0.256673731353237,2.32735129515504,0.579936801960122,131.098650159047
98,1.96804487494435,0.248682788185232,2.37369870247138,0.691998719218323,130.76507275398
99,1.97681627344555,0.33659550848138,2.88930421823082,0.651711008374114,130.442307889703
100,2.0892771156106,0.0993537672591618,2.01784929744221,0.218027706922769,131.929048654669
101,1.88749081564993,0.0828556060399328,2.68349973790654,0.274252621966169,131.575030906041
102,3.29033244618783,1.92547296968553,2.85342290527943,0.122576249284806,127.346319957712
103,3.33605411909504,1.94462597240607,2.42734603890614,0.62896056858478,127.0157333735
104,3.41187978740156,1.52172152667518,2.36320264197764,0.556257314635743,127.640637650569
105,2.45448237537945,0.446331211767724,3.14796444800118,0.188432461769178,130.422258930431
106,2.52284184891977,0.50010703745758,2.73466427810663,0.901799019207087,130.092876822601
107,2.24780462181678,0.313522507496848,2.56775270379598,0.417909794272805,131.2485818231
108,2.18656975291987,0.129513435157247,1.85948658296203,0.399515088436605,131.332470932723
109,1.76128121235357,0.401492498743316,2.34872684108116,0.453854964398267,129.815541279796
110,2.28303140835784,0.00699849971507234,2.24413763213142,0.0227404122006716,132.381170804464
111,1.78873185280876,0.118840236081905,1.78055736096101,0.0104803176317823,131.452284766034
112,2.24339964250007,0.398468420888581,2.6727808143506,0.0501358852964287,131.308858864076
113,2.01935354890406,0.263011495276579,1.90077305610735,0.0740954244243006,131.559041072512
114,2.62647147237058,0.52813575271345,3.39881099653115,0.0941633494670423,129.613862231527
115,2.16535485890376,1.0226362511754,3.40955747233948,1.87278130489835,126.874336990391
116,2.73663690589074,0.485019788178781,2.41058001382226,1.81763861025249,127.791669075411
117,3.13901857317758,0.769500026761277,2.31706420969046,1.46079104952304,127.127345558646
118,2.9546766650181,0.350744679929468,3.73675781558631,0.668995700827956,128.17032773542
119,2.00205426669181,0.245127175351616,3.99358757179465,0.935869509362654,129.142578101355
120,2.34000543749265,0.285886368787533,2.76903091132851,0.745060980341219,130.825088648597
121,2.46802170523364,0.147747676856622,2.83448097967297,0.703199659865349,130.874969025452
122,1.75709355150479,0.0289345538782967,3.20671543391531,0.696177162425686,130.558292631728
123,2.221793110155,0.0829216156341274,1.67977465615684,0.681621905999944,130.339805960859
124,2.24515470335291,0.284813631068246,3.6036479996582,0.493085175124151,129.982915210131
125,1.89423858679806,0.755122381723291,2.96302982369181,0.505186601273374,128.512624629469
126,3.00608963243831,0.340432908098041,2.36511891688195,0.548279557238113,129.40220878652
127,2.11544899484293,0.480656500864771,2.17442075997174,0.444980437508604,130.608232951841
128,2.14996268218211,0.501700629553221,2.55388031666334,1.23107156056833,129.487646206281
129,2.73057788557515,0.668211684174994,2.56609012423207,0.621598218534107,129.924326607216
130,1.97029587799421,0.465632596309573,2.53828342522074,0.501752532408137,130.300901703756
131,2.0398191402613,0.567067968785721,2.34090154848165,0.991962877544893,129.300218518217
132,2.61660883408531,0.0343948968563116,3.02971310252551,1.23486784289978,129.911376533022
133,2.21435960674246,0.300769539544147,3.4155078222216,1.5715331418124,129.642586670363
134,2.1615243292329,0.35691655368299,3.63106480634679,1.53218887492742,129.347357287943
135,3.08841242032427,0.987952634867013,4.19867137668343,3.02819378650871,125.581811810358
136,2.18146196234177,0.154881882429622,3.56161211947669,2.49123250034883,128.815298881925
137,2.16910299684628,0.330982622239854,4.08978341853204,3.77292004835081,126.519147108473
138,2.75195920564585,0.378027822133428,3.8909790575682,3.08764642901289,126.816457521563
139,2.10454870449076,0.332268457263264,4.32785508378205,1.12023192141563,128.393491475155
140,1.59172893039303,0.101325145475509,2.89600515233652,0.313463530789964,130.112637651537
141,1.71846571802617,0.662070801493557,2.3949883783828,0.380219954830945,128.417749885516
142,3.15044639951089,0.704534874964699,1.5405956191038,0.104792237298238,128.692168407114
143,3.41491221743861,1.23295439873302,1.79544606276616,0.0306761409414219,128.327236379434
144,3.41865764719324,1.40271781390443,2.27336304962869,0.0887595794657605,128.372590460119
145,2.46550408341033,0.624262099807995,2.22897738930511,0.689528977393972,130.066895105188
146,2.52873213576025,0.499577953309862,2.74094344976601,1.43099221451884,129.305292995944
147,2.58907349111424,0.400717581359268,2.75960598926224,0.386404274782672,130.686402066391
148,2.40207952947195,0.291563667689333,2.35094629191477,0.0211922610293399,131.749346594716
149,1.98942395078457,0.220128748166016,1.60098551595181,0.196968563100495,130.879986549956
150,2.24984608995627,0.182288251972813,2.42256648862107,0.83381947701059,130.949007137289
151,1.95641666783532,0.123437834676948,3.4530531891108,0.222070593648732,130.477086507367
152,2.08541086157012,0.0966783407571659,3.46649061197072,2.50925264591756,128.871991370641
153,2.12883873735696,0.25732310719802,4.42443423892308,1.99371953212815,128.444594172398
154,2.43502728078015,0.792356355660122,2.92536566634104,1.25523391498518,129.009380011509
155,2.15647538786183,0.580530607091121,2.98721225280627,0.288029734396921,130.168086300345
156,3.09597624212712,1.44824814991377,2.04430296693313,0.537331072655515,128.085873672658
157,2.2287259402259,0.960842514666281,2.3161486600067,0.35069421350185,129.39402637644
158,2.4991438123857,0.352596143383843,2.7816795304603,0.46139789719224,130.817654064391
159,2.2043991201373,0.427528027692806,2.57196522273622,0.0370764352002957,131.319870655907
160,2.45226426155307,0.371000583644269,1.54821752192547,0.27004215373723,130.307850504597
161,1.95331368688847,0.156499293261959,2.15260702459476,0.26023798170247,131.623582634791
162,1.68441646365284,0.136214065295745,2.58250101437953,0.542709139460547,130.45923643266
163,1.65117776782314,0.0476922476755359,2.78504816828808,0.296117142164062,130.789035464058
164,2.41384660187694,0.426924956093817,0.901317642433435,0.198614704815363,127.018074385028
165,2.99588110344173,0.632447759213771,4.84584217298924,4.2283143365297,124.535698501827
166,2.81402874131179,0.137752984073702,5.04207777489116,0.367649693518707,125.119654876159
167,2.59674458655517,1.07439333821639,2.89546296916886,0.791791611993027,128.886012674219
168,2.54377975327186,0.761385216834196,2.67065294826069,0.0753696757394683,130.449866634637
169,2.4759149677974,2.05171507311494,3.88587144072585,1.9112716774883,123.087582537169
170,2.75398871248684,0.567886060198861,3.88173842905663,1.03961359899974,128.371507619535
171,2.20284651203886,0.425662492537088,2.64486114654698,0.662585816465542,130.635909088649
172,2.13784496081372,0.0563867000134185,2.08538391095556,0.488378347111939,131.608020320935
173,2.17381009797498,0.0821260172647332,2.01532149519742,0.195650196817201,132.012446726241
174,2.38541720753963,0.549575440044796,1.76830248405291,0.319398943016233,130.392976660783
175,2.27092152557285,0.52643597185062,2.56564621366374,0.587131647343732,130.526626709113
176,2.67292108279731,0.194685104385766,1.96733589553197,0.268252476355108,130.837372587521
177,2.64832607785706,0.475464950119371,2.30002348509664,0.396238175584036,130.627063336436
178,1.93017412870879,0.579138203080494,2.30279223964799,0.019260945632192,130.371005527651
179,2.55762762331412,0.297119698255103,2.77330767614983,0.077260312115287,131.090659573667
180,1.94304862950409,0.053537183537894,2.30378216070319,0.164613900024088,132.074866500455
181,1.96271973993919,0.143013139198541,2.58279275525268,0.384009512559308,131.491908769591
182,1.95991822071331,0.0619446557969451,2.1433902919048,0.316785556078486,131.82189752569
183,1.77014742113179,0.0034000613308434,2.32427498507685,0.400037757689657,131.516191467635
184,1.99744955686094,0.0926693919265781,2.23843819893992,0.733131732519936,131.12971225475
185,1.80977886444473,0.339371868716644,2.59406510636098,0.302927330992311,130.428225182931
186,2.65445965390781,0.178650718186557,2.74093541163624,0.364405592260194,130.772770979924
187,1.66373613127646,0.418624710105042,2.2543610899388,0.427743007740249,129.206240951603
188,1.61271638334007,0.18322727651179,2.83837254243573,1.49530068963349,128.550638378825
189,1.99044106504251,0.269091838661727,3.34783743784788,1.64605891019569,129.440599378834
190,2.48325894183382,0.0768420543265205,4.19569341175614,0.00517142424418364,128.386467753971
191,1.95422926940416,0.0141296516496188,2.72841230350875,0.0109663940803712,132.051486626181
192,1.77910263710584,0.17738393580871,2.0127824724434,0.296748797472098,130.911264772472
193,2.70476543014746,0.139678558615102,3.34277368934718,1.27374363407281,129.376042317551
194,2.2085631696534,0.146789368347362,3.32822387408831,2.73014780831725,128.288041373812
195,2.04799864500566,0.905760514961421,3.72945944666285,0.814127177712417,127.308483050761
196,3.2402387629677,1.16885673655334,3.24631483517314,1.29084376432136,127.269307369921
197,2.8377109724735,1.44890912428518,3.41311706970698,0.166987089929066,127.593285906207
198,2.73561451885505,0.64179749116149,2.03905894363501,0.275735272122154,130.323891822611
199,2.31359066816176,0.719444016623716,3.0956731206632,0.224700514042322,129.83658311052
200,2.24482495493572,0.51356120410915,1.49205712461271,1.57600131613529,125.811042080959
201,2.13471433242754,0.0686951272672037,5.88524836944765,5.01401033376778,125.846304446115
202,2.0613984474665,0.00910382463122717,6.65275800783557,2.65145423043079,124.700497691407
203,2.05162029115401,0.375327093601648,1.91525095194358,0.869353665173703,129.610898031077
204,2.4566033161493,0.126460685944707,2.94386113712729,0.639837581031336,130.90322006972
205,2.53850565553622,0.570706573582527,3.36140997344625,1.14856404836988,129.355493361615
206,2.11045050315319,0.260020163770803,3.00546656417556,0.854361738272178,130.62457561975
207,2.89039033186109,0.6296928650343,2.76252568378159,1.164061254654,128.871396568907
208,2.87614417787132,0.801114640803054,3.63503347408247,1.40857756780454,128.05619190057
209,2.22787941249539,0.707796960724054,2.52732335958553,0.375587618314499,130.210260835008
210,2.56522321703654,0.182029125181778,2.55037580145965,0.0347652863156314,131.457180300769
211,2.62483083828361,0.357263028603603,2.47435300425869,0.126677576341158,131.114456638
212,2.75299238565615,0.246040106993689,2.65253171077879,0.577066635719532,130.27417810008
213,2.11495869406104,0.431824609659558,2.08271902448509,0.31846251282477,130.914467314422
214,2.58182226468735,0.0647588018543824,2.168789235827,0.0786901828025066,131.604165693673
215,2.80708574349777,0.575061449536766,1.69032591045812,0.0185458864393205,130.315545231116
216,2.26239133481988,0.215557172428704,1.54997234478485,0.137182188825753,131.081766542683
217,2.14104605564498,0.681885074665366,2.67027924718639,0.244925101412741,130.171377055587
218,2.34233692215588,0.327627601601766,2.42525297766783,0.148307327589384,131.5575267635
219,2.49305492518872,0.444242093518557,2.58799289004852,0.369368122363134,130.895764574715
220,2.54000720275363,1.00101872783813,2.09081951173268,0.234063027327839,129.851009041136
221,2.69512273926315,0.650606330467827,2.21909108220885,0.235655473823935,130.532936441314
222,2.7533821182094,0.156017556448421,3.6122244814528,1.67270646582587,128.669303868319
223,1.67539303575739,0.200078000097799,1.93823510598681,1.37363419947482,127.770120531168
224,2.9090143895861,0.116379917275255,3.88862439095674,1.50612818043016,127.892322589073
225,1.9978669151859,0.00163855576261557,3.28441273175842,0.611788564121684,131.078912838383
226,2.17879016529223,0.00963739577549425,2.73596887612368,0.271655250728365,131.936562998343
227,2.36513304666429,0.462399121047894,2.7411522718644,1.13828478152281,129.949533332273
228,2.48110445152745,1.49445821336112,2.1790442254942,0.492796202416827,127.736071501671
229,3.41000433897139,1.08980783359348,1.65953352029341,0.618434474895653,126.755808323166
230,2.67474722648909,0.851328602520969,3.0253173281593,2.00062984890912,127.71888894462
231,2.33981123696473,0.644373194371127,3.18622158367837,1.31550580525353,129.204972299841
232,2.4834970582658,0.206069984958565,2.57603783038574,0.615851807103185,130.972425789835
233,2.42093230597232,0.00258632972762351,2.04487692320892,0.0348238877113263,132.102552616851
234,2.00288783468074,0.0412006150617732,1.79041944790681,0.100937454078286,131.990002114108
235,2.49983470810442,0.354059305557719,1.75563578684277,0.30666363000935,130.676519590471
236,2.01702627625892,0.570996262940266,1.69708124746757,0.0703352958404189,130.236909206206
237,2.17033822232205,0.212061263971799,1.78297402888126,0.102319835492692,131.645907814425
238,2.27616334492893,0.32045915333599,2.08538621119381,1.07793820380532,129.790951886461
239,2.4220682072881,0.512479801416752,2.53093209743564,0.65856393010938,130.485181122519
240,1.96190021136378,0.257772296637156,3.03194303936325,1.92993725121495,128.99729769846
241,2.50935603635185,0.114113942144795,3.62452631697414,2.16773244295006,128.902207834645
242,2.47215690860869,0.0340239760324222,3.77404452737787,1.84105584635334,129.315517401971
243,2.2795377276394,0.0730497403345424,2.69270018028244,1.34266642987325,130.419767208028
244,1.99648186538881,0.162901020476129,3.55701577936873,1.35779011919008,129.893498152339
245,2.2132726340944,0.0209001531920936,3.45879165101058,0.0316123174764243,130.802877232693
246,2.43788654236771,0.00926208500393202,3.36702058066419,1.41676825708316,130.071116497814
247,2.3748768011585,0.0815593227609473,3.3519870962009,0.60623910105119,130.64548302713
248,2.34415444491877,0.903000914105306,1.52197138690069,0.953884417845032,126.974961514385
249,3.46231432987347,1.40976090667622,2.0729873789134,0.660457273212128,127.205921016885
250,2.26725511764822,1.13486275987555,2.08221635341377,0.611507377368672,128.249496902289
251,3.23445004059802,0.152710442137632,2.37308193075497,1.22747011245246,127.002023045799
252,2.3458260572854,0.0851279480870274,2.351036328613,0.167859767284858,131.973209159084
253,2.13455438054867,0.00315331286967958,2.0564316735807,0.113231141417511,132.350172855865
254,2.11286713187948,0.417491658885205,2.26102842044183,0.610530599202648,130.572279626267
255,2.43564732307079,0.499713176025814,3.05478509947556,1.2271197154269,129.693903568675
256,1.82073208948746,0.182968179603437,2.95167703098013,0.687193328763365,130.466082406057
257,2.16102600947779,0.0500470795100441,2.645531131898,0.243939265917261,131.964926274458
258,2.39764814181969,0.262005866811281,2.29711217075764,0.380612363147875,131.344933099666
259,2.41490091822223,0.217410307711309,2.05375963436646,0.547894499319053,130.948678363827
260,2.00667989449718,0.600985108596629,1.86557742124269,0.0425802423320602,130.382114132516
261,3.06778149516279,0.183115059772828,2.49468650100675,1.52499797259103,127.421022535776
262,1.54504212529214,0.311452156193241,4.17270117152475,1.21209817052139,126.542763309169
263,2.4247881954677,0.979562261150762,4.1269304382965,0.492921836778977,127.101054206617
264,2.48990078313322,0.523513512844834,1.21671678284218,0.167783976979318,129.010646715335
265,1.96711982061171,0.0639229019359967,3.55767184101556,1.43027284957201,130.086814197233
266,2.16203640036017,0.085473429329226,2.678117729135,0.197020984880535,131.903653584534
267,1.95365868355373,0.286532507823227,2.42240286608841,0.256668907794458,131.220356099323
268,2.71999658072097,0.690228136821408,2.17937385983125,0.229627128935526,130.435990518595
269,2.56716661987816,0.234656554388424,2.65967455130271,0.283428038696776,131.091501822238
270,2.33213558563572,0.777702331477271,2.09423461757614,0.394045200280757,130.039202084232
271,2.33801905156888,0.828765589590222,2.51144023002887,0.128177975402934,130.268454496561
272,2.9489736252529,0.834177149210967,2.9898261110898,1.87324676029459,127.511305849787
273,2.61512877390007,1.72916495458222,2.65185145425596,2.00571416150838,124.694136075855
274,3.29301768618732,0.0789939165092397,3.47856891302503,1.76737456193496,126.052866624267
275,2.17858757393259,0.0471908141071561,3.41364176145572,0.402542387192843,130.862699171446
276,2.02350860204334,0.141667651302603,3.593348213609,2.05740497259709,129.332712478375
277,2.26455308281893,0.263386659225522,2.70316261748733,0.907832565986446,130.722396923429
278,2.26904589042119,0.742107001580899,2.90264147435207,2.17044287089898,127.455002023179
279,3.09994271474844,0.297397043535551,4.19427390503219,1.7881217758412,126.615960969039
280,2.69067025586733,0.305356506250243,4.68027846628058,3.24207173012206,126.784287829396
281,1.99322946241346,0.0362119273723516,5.18534180352321,2.5605411190298,127.698961809236
282,2.26464896828673,0.532480833396407,3.69367331895264,1.13141796591378,129.102081438892
283,2.54578280900566,0.368500501880523,2.77733874246702,0.190447568459683,130.942680254132
284,2.10165927536189,0.45616624041146,2.31198984946924,0.292583452377001,130.939322360978
285,2.87410547352398,0.293457887365073,2.34226256990826,0.0856057647206915,130.530595095155
286,1.55494750430669,0.191648901270928,2.6115402418848,0.260716241625109,129.761415917841
287,2.1968938608206,0.260672555248145,2.61940250695248,0.931177599317603,130.693937121506
288,1.74098137597896,0.0971166060925457,2.63713120767192,2.0098372601016,128.364353565877
289,1.97889000739291,0.0850142764543298,2.85249966253597,2.51887407796245,128.184830888263
290,1.77771292195147,0.0885485049448152,2.62367813806988,2.62227416116703,127.002303026555
291,2.23660312474793,0.295805969758114,3.34384074568076,1.8377559595676,129.384122620221
292,2.56426462365714,0.0752596416855511,3.76351664472971,1.68416074350605,129.168424883858
293,2.58107462938545,0.0678089799001667,3.64034272316494,0.424849772363491,129.702204361332
294,1.73900240834194,0.110636761931435,2.62718779191492,0.934490664592875,130.275126332951
295,2.44569643552843,0.567005912711592,2.78627250241959,2.13325159080337,127.94596890248
296,2.34200229743694,0.234183174150214,3.1175808599621,0.250249612384213,130.934579643319
297,2.18159578224861,0.463965049065886,3.17991244632194,0.649243037062134,130.114665378266
298,2.07230524455237,0.266614489229868,1.87839828210663,0.634727890790744,130.445481687258
299,2.58479305700073,0.539162936070403,2.43351709003366,0.640714070672052,130.306717663081
300,2.3191653790897,0.63039566340321,2.66796444226687,0.305219083897856,130.541271627597
301,2.79798458210991,0.298761324018513,2.63040142074336,0.177426332046174,130.525227507052
302,2.19502196356728,0.261068803710752,1.68781444593694,0.0336227293268703,131.525420915319
303,2.00434793679285,0.495491097137748,2.48179252903328,0.337284438212132,130.503946504798
304,2.25392294025767,0.487974793815551,1.26630349854511,1.03146328874019,126.520836912215
305,2.30675492126712,0.435614142548394,3.38001631661413,1.41774442836938,129.505098980559
306,2.37435313369699,0.44803472663928,3.03956312768843,1.90954269037125,128.871465699345
307,2.96912962714782,1.13033029165959,5.08684424036937,0.643732852904899,124.129499954862
308,2.18645744525945,0.494533103028525,3.68566698638943,0.387289625615995,129.237917540077
309,3.23440441737827,0.86017012635956,2.90673079868578,0.139741984358747,128.617334640012
310,2.92991327003056,0.45504816846913,1.66418716850611,0.572011374454269,128.672923066274
311,2.74046721987535,0.358920138704388,2.83034813881607,2.15242755245852,127.770044375437
312,2.20009376178297,0.174859795292563,4.05772452502786,0.15655670613983,129.082065598177
313,2.15722091035991,0.184513181434919,1.84846290427853,0.0525444736748921,131.889463833139
314,1.95933365339717,0.0226001446432083,1.75320023775947,0.0622257099306541,132.015954926632
315,2.21139203173931,0.676412205305302,1.42282245528034,0.154887767099159,129.414210245915
316,2.39206030945933,0.764514840273759,2.72158380516868,0.406420657802304,130.093961352483
317,2.33408968430525,0.026753522702355,3.06645869595484,0.410434247468777,131.274574753868
318,2.3881687936439,0.0263838062114947,1.98159967602574,0.413821388210064,131.426550103192
319,1.97660404476495,0.13953837320467,1.86794014056599,0.0317214696776442,131.907079465361
320,2.26723878127145,0.206375017264506,2.71977055634067,0.0824278704888025,131.664278823164
321,1.76268641383118,1.25773825668931,2.1434229277369,1.71525784858264,122.363514266372
322,3.26132177347775,1.11965204625427,3.47281967558939,1.84169556659968,126.568222771942
323,2.85870544549358,0.576413692756063,2.73195604535935,1.74999890376222,127.99274686211
324,2.368301117741,0.838145647094645,2.70065918972401,1.74477851738441,127.926499273926
325,2.22872261836282,0.585837233940687,3.1878350620212,1.89534256249702,128.535024523301
326,2.3425347336819,1.16104657146983,4.48240178860634,1.34790945746788,125.826330296008
327,2.27965841089659,0.993387322625896,3.67220417218742,0.292499005607726,127.787634087327
328,2.08141613606291,0.573758815210534,1.53059788037632,0.186174415886193,129.748384714404
329,2.2497643820022,0.00723210293698675,1.81527924844407,0.46757607608128,131.295218769862
330,2.33644316413253,0.0766821921070131,1.84220510163948,0.234878392157336,131.620860908446
331,2.61152450834679,0.213771459977173,1.61659629890608,0.0300111175493516,130.9510145114
332,2.19267364304594,0.249972818808111,3.56651947746209,0.0871143957127102,130.099160942807
333,2.1256009988608,0.198183081579372,2.6426008545394,0.153124810572186,131.703639601683
334,1.58027710162259,0.179911727337476,1.75520040195421,0.793158135692371,128.360809317382
335,2.92447794210754,0.331992506924789,4.08716837238635,1.09845219835559,127.628718967061
336,1.87506914218264,0.69310216590427,3.61295407274283,1.78009910486285,127.131842345223
337,2.6758023939121,0.232516617173471,2.52097516640737,0.387361578772235,130.782577338122
338,1.828941567432,0.100521497234308,2.11976167573422,1.09999387304699,129.863096958755
339,1.80209427792559,0.0403506051273162,3.46765439954604,1.23506337762561,130.034323921751
340,2.57212022283134,0.059608123844852,2.7945560231873,0.939492184823491,130.449075366017
341,1.98531023265373,0.254610871505546,3.63710287894638,1.69076554633904,129.27377868193
342,2.56144014876215,0.503241692461058,3.83559018351216,1.87353768565235,128.490960038628
343,2.87671356520443,0.841804592069658,4.08628125793611,0.642523436356742,127.356842774366
344,2.44901723973297,0.813818587306909,3.42712508673684,1.7707697749059,128.225066908136
345,2.75792884197991,0.4132930915022,3.22480881838441,0.441319910399778,129.707425158511
346,2.61117601268163,0.89716821839475,2.88915472047683,0.410708606339357,129.656116444816
347,2.50906370763804,1.68932506222501,2.03245723560086,0.648129669273201,126.577120867539
348,3.47671325808293,0.856289870030979,2.83959558456402,1.04555598434565,126.91006952291
349,1.9926936778881,0.905543501222572,2.80887012366367,0.22812974532976,128.647781475992
350,2.17675028394322,0.982880997147118,2.14443357774665,0.655812595473945,128.559371950903
351,2.15685673133508,0.576765458004034,2.39752448715516,0.0612935298048108,130.917696085434
352,2.54000698309742,0.658766142061259,2.49407761265535,0.286048750426126,130.59612512618
353,2.39769795621581,0.439124975740528,3.01688160632116,2.0530047752077,128.618107195126
354,2.43418453919856,0.81314283681659,3.25202995412646,1.3415275401866,128.749978934357
355,3.02531479048771,0.209313076607311,4.16858617286505,1.29762148178359,127.039821001511
356,1.63383528135893,0.284342157173172,3.82622711535713,0.322398421919344,127.848201415241
357,2.30994317571887,0.128417970130575,3.31796083008132,1.42428141700625,130.1515290274
358,2.24175337901866,0.13295120129414,2.58424407798591,0.0498101673164086,131.984852193796
359,1.88875448460742,0.0671679928751844,3.38046058201384,1.24018526880268,130.239503434323
360,2.21097848034082,0.00991572461862322,2.19042885244134,1.67231807220864,129.210964569695
361,2.46190504390535,0.172244663621121,3.61502655157314,1.90503085723664,129.230680504775
362,1.60659270016625,0.417044004720664,3.02396894469609,1.04979700877441,127.941329681839
363,1.98538216111686,0.363393185375843,3.8562433935379,1.2557982599903,128.915628384892
364,2.44415438039324,1.67537219837562,3.93985826827221,0.458411229593082,124.960709322426
365,3.04419057649888,0.133943537021966,2.45737707447033,0.650278332218698,129.014391280339
366,2.29051855617421,0.498544300208909,2.43519383174987,0.0364039675021606,131.290802870015
367,2.01027446922555,0.277663666445381,1.92467895516233,0.477295931189075,130.739285686563
368,2.1636185282221,0.148367391587899,2.55886415055556,0.728534341024733,131.231719886472
369,2.7746572306565,0.0887622980029674,2.10956436572542,0.0157956058551833,131.02939825352
370,2.81062214459335,0.523260070699622,1.60761678998899,0.297407896363079,129.533698249871
371,2.26072805484024,0.273903886459444,3.28168526673472,1.20801036930393,130.126833478052
372,2.4912260455746,0.619582634685489,3.25339126219697,2.08185243065769,128.271128348184
373,1.97877744518398,0.47131478084951,3.81853355043721,0.9443203157617,128.639855448596
374,2.46791021472913,0.0243479572983089,1.88533375100897,1.12949255626578,129.428979118881
375,2.29950694340536,0.0519761749715923,1.9373245660456,0.706065096650342,130.855025825077
376,1.99267859251881,0.069460962460706,2.2511708417634,0.269241003344977,131.952680764544
377,2.00959972736917,0.0760819697303713,3.26404377172998,0.247299835683521,131.040522124346
378,2.37910798234742,0.133503904746676,1.6979687841238,0.207556304893423,131.28728993019
379,2.50504917214649,0.67282316397814,2.23689181751589,0.321131129178016,130.562030917333
380,2.43643901521309,0.707354990909278,2.74316572553869,0.815808762202808,129.810783031519
381,2.7099102076684,0.106973030828852,1.9037534482038,0.818268545599129,129.491368148273
382,2.68297526556185,0.607791497144618,2.56009809765536,0.261422920742093,130.5071990294
383,2.77862509748299,0.422921209932781,2.14119630722026,0.737026143123947,129.680985521832
384,2.29092614802878,0.216973708013023,2.29677950720511,0.810479796556352,130.819135148614
385,1.71761007795699,0.189553727210173,3.44429273551347,1.067647263754,129.279888169526
386,2.76403673059948,1.72939030849465,2.83292179119852,0.140117397033987,127.641531050946
387,3.2990069966191,0.285380008693925,3.17545627331683,1.95786651655421,126.058076325412
388,2.118730485855,0.972500223739789,3.20314380756457,0.826979512918155,128.033027082565
389,3.30134749828212,0.732513652200144,3.14760759836233,0.507855621640314,127.84634665812
390,2.93132532771153,0.232304216167411,2.42103562865732,0.578972875521491,129.653682555418
391,2.05660212698082,0.52620066192897,2.94346901167665,0.0723256543944611,130.306870950482
392,2.37105925957084,0.17048179247132,5.00741865769655,2.57856651129778,127.605819425677
393,1.88376868398943,0.205752392522966,1.95666376513483,0.0149423860468178,131.595721721296
394,2.49613148363885,0.0746478735327513,2.1622665075989,0.0736701941386013,131.831248997405
395,2.21820168464504,0.0216232043551985,3.03325463061913,0.109640697986734,131.604300401953
396,2.39861056761022,0.236086280557789,2.90805215797692,1.14040892367116,130.344007625754
397,2.08260510464831,0.685953656915111,2.56488870837613,0.710408452375175,129.533007768595
398,2.73527809839964,0.699595739368945,4.23782044836595,2.79852327020031,126.883943672382
399,2.36411846078724,0.877065478629293,3.54869928095472,0.561646317157254,128.582463646139
400,1.80885243540809,0.735222049344669,3.06886426522522,0.0930546757798286,128.215694551429
401,2.46192152289677,0.429755071853167,2.31149097775143,0.108393455856727,131.358614680703
402,2.61554189269292,0.627234664487144,2.58084746274981,0.106991435532263,130.708329756674
403,2.40466209065406,0.658845353698957,1.83068465911745,1.12574997478151,128.295637278548
404,2.57047831840255,0.461511649204041,2.9010558470799,1.05434120148252,129.867481232897
405,1.78663909775869,0.689293478124436,2.70135379492033,0.667964225049396,128.280592775602
406,2.34518434826325,0.556445563163996,1.88597315800834,0.00355638100725462,131.167182812485
407,2.81207081973956,0.768459936772762,3.11907362615229,0.264525389575695,129.451538278349
408,2.91422670974416,0.257607330984657,1.61019147163362,0.931954884164056,127.590971490735
409,2.10721313421069,0.258368088937882,3.09936940497343,1.32645766688991,130.087093280628
410,1.66185719935403,0.232001193913897,1.83505881573592,1.18820117429747,127.767699655522
411,2.96083268233468,0.632005648650156,4.09913925510822,1.81058831900804,127.251024543392
412,2.09619496209548,0.533589324294983,3.10281971840651,1.62366743523207,128.85926851944
413,2.58042145780118,0.692848099687528,2.75050080942856,1.8152702975209,128.220415459052
414,2.69898713399651,0.373535136317787,4.2997070675328,1.5249431486181,127.93359192956
415,2.84833468229208,0.84249036746435,3.59910391648342,1.09253037605021,128.269356222192
416,1.92326895887957,0.771389777283354,4.36148277382338,2.81395168444289,125.640462324363
417,2.61107575546453,0.604363286249603,4.07813901719691,2.79004549973203,127.265660672275
418,1.72009645927621,0.0819950706575738,4.08670853727868,1.16434148241806,128.743983503362
419,1.91220066506666,0.162903693989786,1.50778233688155,0.437294384294104,130.014655708996
420,1.89606942897794,0.355227536254164,1.6792389888979,0.906941812605042,128.559740649262
421,2.04978757173361,0.43168713740402,1.85712468804536,0.509446546173326,130.139981185966
422,2.01866020667002,0.157616979048415,2.35600928749052,0.707853483860383,131.094462183142
423,2.17122408133532,0.355697203067531,2.0050668664265,0.293204352687816,131.178967890679
424,1.70439606358526,0.256818204170087,1.70106764948872,0.459423209328385,129.40706045371
425,2.01385845339919,0.204417170915743,3.34487880247491,2.41154986665202,128.613649203214
426,2.41294812731077,0.093803575026805,3.69481776022033,0.531483983257853,129.975046520142
427,2.38735032385738,0.051964157462481,3.19475610946058,0.00476704780204141,131.070632949994
428,1.80765203254867,0.161186965226631,1.44013707159278,0.0136707828786032,130.628153687101
429,2.04641422819793,0.00975990887249654,2.47556563763889,0.536626430063998,131.788810050537
430,2.10437225044575,0.955157968810059,3.94604443693067,1.54346409202868,126.793526363334
431,2.38593857341557,1.13345980691016,3.76966640510458,0.73649025021763,127.355971009095
432,2.90020256661369,0.272923444332154,1.76923666764724,0.330552150401122,129.630774465142
433,2.68828072637152,1.08119999946001,2.21546325118248,0.346081729170266,129.557025660544
434,2.68232638781017,1.63659269224316,2.49578522920384,0.268374139095806,128.004051441904
435,2.87266943653709,1.31507035397238,2.8201286115768,2.37749228429367,125.670196618918
436,2.53151906847927,0.387688240310939,4.96071113527053,3.89318708794932,126.294333859403
437,1.95494030338061,0.0904272343676879,5.20710945636183,2.5707304482005,127.460971014648
438,2.37373006228929,0.0702182108169188,3.57900187598005,3.19507576632248,127.581558867045
439,2.22089627451895,0.0016530594581966,3.52312908995693,3.10745268309929,128.005704100558
440,1.76168186994245,0.11896532491671,3.00559039074806,1.60132190284173,129.415503485629
441,2.56844942954859,0.672259519809546,2.93961091559894,1.04834824982529,129.510447923732
442,2.37589697656607,0.2134277641762,2.46547157702989,1.03595028399422,130.47062072484
443,2.68788351472963,0.881404980785011,3.02467777900273,0.819830426232448,129.197841513453
444,2.74034693181177,1.33040223264811,2.36175828559719,0.77921548154791,128.302930725485
445,2.81709525633359,0.518358482506072,3.23032254862465,0.799487670674596,129.28306961584
446,2.06634967800478,0.0927537830670858,2.83961017996641,1.17852855531756,130.716932452112
447,2.14178825710325,0.145417222165966,1.75218257993123,1.13124777961974,129.216836690728
448,2.56150809897868,0.803764232020352,2.30083508108102,0.143773639955928,130.510072126345
449,2.3660354200573,0.169014148180701,1.88392354573853,0.298756639478345,131.369509190306
450,2.37980485162193,0.236590323028457,2.13428446241105,0.288754389451977,131.493580632292
451,2.00092343654271,0.785910577759163,2.17455605082642,0.0237676589179482,129.795723787703
452,3.1004279348739,0.289277152614873,2.22808571371416,0.28721252131179,129.335042060899
453,1.86823350464329,0.275794678034989,2.73256383678329,0.771940746202268,130.310851487703
454,2.1570741767591,0.851703357563613,3.67831658282416,1.09582655481261,127.911902638214
455,2.97445257117866,0.495560525543228,3.28765177582167,2.29995625637409,127.081386840035
456,2.24711442943519,0.120644601687703,3.80378562021893,1.65133127451681,129.654510151773
457,2.11294955981088,0.498215633209967,3.28737283643643,0.489396575061637,129.836074861703
458,2.42447902067197,0.698760060156825,1.40321036329039,0.0338163576884706,129.805369360055
459,2.64303482064876,0.726131636682507,1.37531969908267,0.170647155775978,129.183652414463
460,2.42069102359827,0.184905960565708,3.38080446759469,0.0342087872994484,130.460488912052
461,2.40359884428077,0.255121865663439,3.45533608003527,1.20809136751486,129.907612634662
462,2.33225325119613,0.429502351599231,3.44234085460209,1.26882622496988,129.591502819297
463,2.68978583287878,0.520461495496777,2.78193030206847,1.79408715751535,128.402920614779
464,3.04411067180733,0.569126445368414,3.92609210851015,2.93384841403173,126.04900517761
465,1.60074982843043,0.259689357803679,4.05871364723633,0.0743742135490227,127.055226331376
466,2.32356288926173,0.325604898391459,2.36751893255366,0.76390284477277,130.712859286704
467,2.47292624662516,0.626504543517171,2.8831809227206,0.777187777358858,129.976454161811
468,3.05672661586347,0.17264526166356,2.26478319590067,0.522384203197848,129.117280304495
469,1.98528495369143,0.0845445462786589,2.72835135883837,0.396057909593953,131.595268783722
470,2.37847309765158,0.243125275176663,2.16228543196596,0.400470742955999,131.315003347397
471,2.13698148695576,0.137641902769482,1.58232357801115,0.279835900952214,130.999195425008
472,2.33420795748962,0.103523143210822,2.06085038877246,0.621543932705926,131.095623071258
473,2.2410126173923,0.0773247019806431,2.76076095474152,0.178318015060207,131.814594641049
474,1.93388791472678,0.151070193957504,2.88514490889708,1.29650850350646,130.215725125111
475,2.50762162432477,0.299772390548174,2.43417721862645,0.992303185813384,130.206218195263
476,2.48206329138481,0.00572798500337659,2.8848721839061,0.944088095091581,130.701379515131
477,2.96052023209933,0.963047013201339,2.51828896766044,0.172269839595056,129.659666944283
478,2.12974493789316,1.1005744669501,2.54311934829471,0.665505703313729,128.065149563539
479,3.10470049927906,0.648751686855287,1.72252062112521,0.245133093610685,128.948828193089
480,3.24541740300876,1.81115939661307,3.12716734040126,0.145414963545656,127.194442659916
481,3.15070843342748,1.28494736030485,2.0596732881396,0.194187079233423,128.89093949707
482,3.54597610292577,0.692935794918107,1.79267539701768,0.553860943014241,126.488537682826
483,3.52238849221726,1.80571085114225,2.83235569337981,0.64614630213496,126.886294045563
484,1.9682187037399,1.09018137876246,1.88129695138287,0.562370230188167,127.003496090706
485,3.31950500353209,0.00834456649867759,2.79013515064788,0.352574911501545,127.561076273359
486,3.0693820093125,0.000937689036379293,2.95571077520111,0.763413956851368,128.48907528264
487,1.48597998895203,0.0265297712151345,3.29509417411705,0.49970009111314,129.160805427606
488,2.34044252697458,0.399639334704041,3.27024785167179,0.163882347825444,130.371641639905
489,2.34806102128112,0.819109246936595,3.25723418613571,1.15572234204797,128.826605660032
490,2.44107033194721,1.00262356983731,4.07140776507316,1.17575446200526,127.311997334252
491,2.62156976085862,1.01949708588907,2.43284050806751,0.668930671857765,129.276171705457
492,2.31392582312819,0.406937331508187,3.4937471114641,0.089747414118076,129.907567388229
493,1.61069728426295,0.193785395841383,2.1849388979237,0.768194135841915,129.318139391945
494,2.79403679738967,1.03266204093836,2.12201698950628,0.767925734176234,128.78086424487
495,3.02523970831636,0.175942183686165,2.86794985882571,0.635416436356627,129.021573120283
496,2.9669528842265,0.835978352751809,2.40981146753002,0.953059699597634,128.702001429769
497,3.076969620421,1.12501642740332,3.24106794360342,1.20606737308569,127.768893453821
498,3.33052275022426,0.737467840045245,4.38556783080352,0.610942062613308,125.254904340014
499,1.78295016425504,0.548639850475585,2.76822216647501,0.0493011790114698,129.428173132896
500,1.97820407843009,0.309530626752872,2.13414916670457,0.0591120362054284,131.482124286396
501,2.27010286283076,0.037432620118313,2.51438321105704,0.109405795325541,132.132765886328
502,1.72754351207982,0.125424499924946,2.2190474700096,0.749521450249539,130.269194848183
503,2.46415089701905,0.0734713169352832,2.62293341944408,1.1170131395779,130.449253845863
504,2.02372215905801,0.276121784039531,1.87650770183036,0.179299927185411,131.302417937878
505,2.40014542663452,0.35964565777689,3.0343878703787,1.73042135612374,129.315400616241
506,2.6474091193273,0.143627914714646,2.81353756924086,2.63922075996189,127.039906589411
507,1.7998561073507,0.132300934643873,2.42713027218951,1.2818778633873,129.701124751431
508,2.33825372410873,0.165630331564366,1.87717689331057,0.902896553063063,130.037507894844
509,1.97946458013348,0.0339860389453219,3.88749670387755,1.47684807186665,129.797290451464
510,1.82566910358474,0.327435333020811,4.0360434075963,0.275434531634744,128.073799568146
511,2.35310570562291,0.150543865001632,1.5064196285366,0.73627707877891,129.359097981151
512,2.18707577662351,0.41771268210539,2.53967607739244,0.44625920957147,130.934468667689
513,2.90549304154386,0.0244005576310144,2.12208777855569,0.495723162712206,129.691265040614
514,1.78415833760084,0.00238203245396292,3.56506663157378,0.0759756780710258,130.21593695005
515,1.73891827596528,0.158280906258163,1.6319414578889,0.5745383339323,129.502767345882
516,1.93514619909678,0.465941754634489,2.02326552979052,0.475905535222115,130.021147172543
517,2.74788790583602,1.62413160393668,2.29488323449685,0.0642485240976277,128.46133954583
518,2.92052330960116,0.595702612894507,2.12304320255842,0.340921771031622,129.873580066772
519,2.5932405573288,0.0709893622467599,3.35172172330229,0.602680375892352,130.149824861689
520,2.15982394863549,0.117508688027465,3.41827666816786,0.195129499694827,130.727296467619
521,2.12795466510578,0.637450441740155,1.91657989079507,0.027202762553153,130.650867239295
522,2.76969347163343,0.905552651617318,2.30600233649998,1.08992157698933,128.609912030027
523,2.85222482489127,0.301260802687846,2.39886613672746,0.809177054489493,129.585663809076
524,2.53739765385006,0.475001212537648,2.62721739513348,0.353623207680858,130.786306931199
525,1.93521949916104,0.593589190656926,3.33599356467829,1.38848839688348,128.361869193431
526,2.30356732593709,0.552664971258067,3.2544759221021,0.990928159380716,129.667552356827
527,2.33607478721427,0.193790295962534,2.42414712721205,0.836422056890649,130.86070212601
528,2.38730893441842,0.267954002319622,2.68667957136194,0.0795586370054922,131.494130801949
529,2.07537014054842,0.0300643865954548,2.51566237876875,0.655831955960947,131.588446280329
530,2.18044186395733,0.0335406644565127,3.19427011967789,0.286689859908358,131.28989626755
531,2.08696855357737,0.0748153674119072,2.65432146619126,0.199529866096618,131.9389999472
532,2.23722718846381,0.0160675776732222,3.58536732487992,0.375418171718344,130.553283879304
533,2.16122671485743,0.204202739362908,2.06073764515662,0.26085349649937,131.659620810274
534,2.1071486347103,0.135361742948773,1.97819505552726,0.197533793074445,131.852721218202
535,2.14273071178603,0.127898003408052,2.49130090366049,0.180810039620012,131.961369615732
536,2.47198223319029,0.163908971766367,2.3263303619906,0.69444223671065,130.885463951297
537,2.39674580950223,0.686100155208497,2.821860167371,0.600217257831914,130.049490138768
538,1.82462048379453,0.522675103278447,2.38577891469136,0.933364578577137,128.827863312231
539,3.03990953153193,1.5394707475059,2.46653880042578,0.684312615950598,127.969271462681
540,3.60299897642315,0.710571543979944,2.17063211427632,0.388171703047999,127.037211727457
541,2.10094308262145,0.822369250348325,1.83478552171294,0.64519726016439,128.503583489177
542,2.13986989802324,0.0784879544215495,1.70882625725922,0.442203980915298,131.054204006181
543,2.04484943355835,0.173843543868132,2.63533429218538,0.534474813553641,131.32850282378
544,2.01700694768954,0.752374508868258,2.18554989463798,0.537942612912484,129.201013760548
545,2.08107734347422,0.665223695110402,2.41343569985979,0.273309821673257,130.191165675931
546,2.90213781988194,0.526981119174971,1.58347068171044,0.1183106803063,129.646159624924
547,1.82262137260904,0.43230279888795,0.975681461509697,0.0755913665871075,127.100983843366
548,1.92593902305024,0.42681461306887,5.10545583713709,0.222077569370541,124.828497185382
549,2.52696756821998,0.259856474344788,2.47909853695695,0.520101900495072,130.959876688144
550,2.53190356588148,0.259774181373344,2.15897600024647,0.529883785357661,130.826761370196
551,2.38366913976631,0.206163777999503,2.62412787324054,0.413640077760376,131.349680815156
552,1.75842142448804,0.209712171917662,1.8116996423319,0.13798698369669,130.775001432631
553,1.67996272980821,0.0530753847147909,2.06940405163755,0.297895718605286,131.045171022276
554,2.45902747517644,0.542179392065638,2.21876057339579,0.215402808818571,131.007256531002
555,2.51420757047452,1.094390507272,1.75059401563442,0.799126840701804,127.822795242604
556,3.14524495416456,0.579959529944102,3.57622999953905,0.992074427144656,127.644366797607
557,2.99860149257183,0.0316992941633507,2.03627799115237,0.69714418814164,128.764752590546
558,3.11974617949727,1.44885686801844,3.24238337584709,0.0922375138037717,127.798290504448
559,3.45829298636648,1.6710768235159,4.25649053833248,0.305745246653395,124.633162526826
560,2.2146133708344,0.149264167480853,2.19826021749907,0.251929004857987,131.861561015746
561,2.23562281906769,0.492268756738176,2.50041011461675,0.458778895761813,130.766666574572
562,2.10498582370245,0.188959260499617,1.81360688471998,0.539931748295746,130.777613831468
563,2.04438141116083,0.456139234244499,2.22921259794339,0.450473279783767,130.568291328514
564,2.17578815834476,0.629389673061178,3.21824160660828,1.12415125440133,129.219389400518
565,2.7806415147201,0.46661450152726,2.00933896932798,0.906592445085757,129.088315047301
566,2.67979877379987,0.732993571335082,3.26945253636447,0.237268949300296,129.463826338137
567,2.27786853802814,0.757192892690062,2.21173062209786,0.136972381379288,130.488020317388
568,2.79882327105425,1.1305739868619,2.06084700454148,0.610913710779656,128.820970236807
569,2.4187530016547,0.808496671549101,2.67381670355218,0.963351660362543,129.35612406894
570,2.99545990070775,0.21002591536059,3.04825904329022,0.309023216082365,129.207977255745
571,2.73945586674742,0.679699878694488,3.33984252321575,0.0994272217814186,129.336411662247
572,1.79275970394439,0.293168407635563,1.8874134144097,1.19287547584918,128.262435420036
573,1.8338240774217,0.140713451346524,2.30075818909068,0.203720811088023,131.493720747166
574,2.1695474925561,0.277189169502099,2.54248556025674,0.800864918871425,130.821857503016
575,2.22450320496648,0.118803152277422,3.00715152638819,0.0797175358281726,131.469592635007
576,2.24670866432899,0.183618910290073,2.67269503600993,0.742049443430587,131.111696233539
577,2.05765564983415,0.503900156598156,2.16395060910978,0.109031635240654,130.938671875912
578,3.22395980530976,0.227107087325671,3.30417547608471,0.234163807152005,127.730570564508
579,2.10807877501172,0.220539034090483,2.12211773351633,0.131628971131679,131.831329182088
580,2.36382874304991,0.184414653936351,2.40133209956302,0.19553414111804,131.749356854133
581,2.66354938417787,0.307596836680639,3.11673166552249,0.653514227488573,130.070794280419
582,2.46198999714137,0.398865544452486,1.56323726716766,0.337488886374522,130.120658049153
583,2.31795492963102,0.8055614105847,4.72710031387415,1.08284244256985,126.33789387583
584,2.25578551547864,0.881928405316806,3.37514717628357,0.3882667435391,128.717212820214
585,2.48947853613407,1.35349642007715,2.51450097499917,0.499076730396146,128.356245682616
586,2.59506069851468,0.947360640584646,3.57558628734056,0.0841208428827911,128.456938979593
587,2.69501908841181,1.0869139981569,2.54468901341734,0.0463922253475162,129.82198560995
588,2.26304502790558,0.858145889361117,3.35753208375649,0.979674063743798,128.60333275265
589,2.2605683705744,0.0743650740543533,3.25230865024507,0.457075146799385,131.009091154223
590,2.10273012406538,0.48095967367135,2.21531846604219,0.578892686383163,130.3820332394
591,1.85387721053864,0.21152789729338,2.9168183565265,0.138724057566193,130.880217125079
592,2.81486879136076,0.170396435509877,3.48072685030825,1.94835214589505,128.228793951379
593,2.54475713250322,0.231793437364439,3.84028722014054,0.611567261026317,129.262942994189
594,1.69611785790023,0.0338242143524382,2.20350936323414,0.511162742704735,130.915154172455
595,2.82705904563498,0.716566120460717,3.61112955407178,0.033764363639095,128.520782623333
596,1.94601417593243,0.308425703673608,2.7089758751642,0.915118855394823,130.241828646529
597,2.5420847322775,0.770096612864212,1.97332284539565,0.142167423950618,130.492965600485
598,2.48702142467673,0.849351794077899,2.83844083480421,1.69182920630626,128.191056582174
599,2.46789296667051,0.069046752329647,2.71009243980869,0.210565419336745,131.50233837316
600,1.70465590846702,0.0217692542001181,2.02030873196514,0.0432029172162022,131.66775943961
601,1.72209678956039,0.394448554270651,2.64703994400562,0.208144015764817,129.824844974371
602,2.27991234813054,0.414061806501395,1.71898131287344,0.140862344265765,131.003783785021
603,2.66012116143952,0.444098818347949,2.48356748791701,0.104017077595084,130.961995737763
604,2.16304199204624,0.405502810690119,2.14195642428992,0.604704992846102,130.589212687702
605,2.57562734867448,1.20892757084552,1.94931476785029,0.516268651794352,128.617225540925
606,2.52956024847544,1.43765560979659,3.25197651056231,1.51106545071387,126.723677107776
607,3.44335364254402,0.672128195657525,3.58918600460066,2.22905155190356,125.348417432318
608,2.1651839718775,0.6797371731555,3.78460268122291,1.41404270631543,128.275513490558
609,2.49445670744793,0.27994504480678,3.73621436535637,0.688749740678634,129.51061556532
610,2.22040181221288,0.11792654251266,1.41154636414421,0.377987634894952,130.207320370336
611,2.71873175021907,0.123206997415986,2.01410962045251,0.361561754513523,130.595197314189
612,1.89695297928039,0.175638476329196,2.09461202314641,0.465019401148123,131.052093632203
613,2.36034992171296,0.273344306623276,2.24836084192758,0.240925239556077,131.55866929316
614,2.2313229401644,0.220004730772347,1.85708337117156,0.440350422206998,131.038170614487
615,2.91231732263463,0.256486165285921,1.92342326052037,0.771299169266315,128.880670946624
616,2.12762357630967,0.286229316995441,2.90443571616118,0.703899365450196,130.779300000871
617,1.82879289700962,0.0408719451273951,2.41376177973482,1.7576639810631,129.066914597936
618,2.20326397028434,0.257945327939608,2.67527552742138,1.16550586602491,130.361803379953
619,1.98710559968993,0.185210009770749,2.13524889276941,0.00319085719450267,131.975635957039
620,2.12366765632635,0.00401025772109902,1.54306634723423,0.0870035865536809,131.666550057556
621,2.11474356064591,0.472802081487775,3.86817656591704,0.460892488576257,128.81738037646
622,2.77047608862034,0.449292976446617,3.29980576583507,0.244855038382931,129.575440392817
623,2.48986319864847,0.318785542592976,3.40394851451674,0.931764977953757,129.915227001404
624,2.53186045467746,1.14204145966315,2.52658937402997,0.485791533408064,129.140427797842
625,2.41454526966356,0.890125863246126,2.02147051536995,0.694191600632493,129.132747840998
626,2.16922717319772,0.200126124297705,3.32352888385146,1.00507383934033,130.411858900905
627,2.53365425190399,0.194252167213419,3.13843101430495,1.08834891746389,130.122291676836
628,2.41810514093979,0.710696421473322,4.04420792301212,1.67556265899013,128.038914391681
629,2.95729362822676,0.717156331190793,4.03081059337813,0.0265378284183454,127.128828364053
630,2.34697366482523,0.140943939310024,4.13938338563075,0.969932234285342,129.162021151063
631,1.89476980913321,0.0105724219251614,2.73596686649122,0.57751068077625,131.488224435207
632,1.96921728774447,0.107827731517675,2.15709251151867,0.762484669803564,130.912205733678
633,1.90498909375872,0.184521718341514,2.2276743725335,2.26245198373308,127.008217637695
634,1.64833571633949,0.3461877927964,4.34460773830543,1.75537993002513,126.738727493115
635,2.03038203698189,0.0568296656187661,4.59428549086918,2.04039630543595,128.635428070701
636,2.06531450108818,0.0479541995960898,4.88784722078889,0.477259143610171,127.255251165974
637,2.12380172161792,0.10336603289301,3.15065426038002,0.296674466334991,131.215746971261
638,2.39981418039741,0.305416820521898,2.42091857934698,0.109190515779247,131.598120152543
639,2.45563536223553,0.915417782353965,3.11351620539913,1.55161482295657,128.284709991166
640,2.61990327270309,0.632740858737632,3.63170599678186,0.019599174399398,128.927524089586
641,2.75729984714321,0.111639217080259,4.18100070814071,2.57990626607508,127.511972323316
642,2.64932025794006,0.717520727352874,3.11718567840944,1.5450148947705,128.705440290412
643,2.78844529629172,0.415090341178204,3.72198060305743,0.394490817079568,128.713359255759
644,2.076115939418,0.354889454544518,4.00682367845076,0.669199140147696,128.863862883117
645,2.11799902358182,0.575074225234356,3.5831253472175,0.542164770449914,129.081143252352
646,2.30081854942444,0.283820064387248,3.53113925878804,1.24244697770319,129.841121261965
647,2.47513687727633,0.15311818109924,2.63001507921658,1.18034833323426,130.240484777135
648,2.32185191189268,0.0862175802442345,2.34240673687976,0.198451206340578,131.96819634224
649,2.17448455169554,0.00843129236385695,2.32082966087047,0.0396385889671031,132.440797648674
650,1.35913099687512,0.0194959302772194,2.34260067829761,0.304209656218141,129.164902602789
651,2.28988220920885,0.11494021207067,2.46447290869007,1.77349260691943,129.245781463705
652,2.14785453011069,0.338186215019671,3.47332444131318,0.673712064383234,130.010314844131
653,2.8104783581332,0.8240288318423,2.87960217732701,0.887387033350275,129.166493446483
654,2.48213974150541,0.213653923257485,3.72797138061905,1.28132475895713,129.492836403052
655,2.3708960071133,0.822624535244682,1.7163047265031,0.512723716719179,129.111953510704
656,2.49078790060282,0.140928307124421,3.5906671954251,0.017414343102536,129.910156569
657,1.9335645698703,0.182573554708041,2.10813539909736,0.10348179068802,131.728222297112
658,2.41905724045077,0.110235192084535,3.52904304585839,0.935587253192218,130.150305719733
659,2.34445244098182,0.393211876857134,2.82411405563409,0.673734699589348,130.656292580034
660,2.33720914443276,0.099712847020862,2.25192823423747,0.803834443608792,130.95014269521
661,2.42034921945532,0.0354221300723906,3.49739883205924,1.44982654380011,129.95994136915
662,2.37902344448265,1.06136896702808,2.65252148542598,2.05872358695457,126.511892275084
663,2.58069673093888,0.338182540058504,4.39778844672248,3.27701239992956,127.063354798217
664,1.60205052706143,0.0559976222376671,5.17408360974057,1.12219442067105,125.771084197953
665,2.05314592597229,0.078660688836102,2.59643852273765,1.47855071315065,130.148778118318
666,2.47929324999174,0.977649138368106,3.51065929235342,0.788389478194284,128.419230721314
667,2.54642773737879,1.51779576974201,2.39885910715569,1.20162047311151,126.697878387858
668,2.64345710543309,1.66458138389222,2.82954668166163,0.42495733917104,127.445793283665
669,3.25530469432084,0.525064177279557,3.5858420356657,0.751915104664141,127.222001385431
670,1.77981677092202,0.398950039766326,2.26953112527571,0.0861698407712394,130.419102996615
671,2.79792465867844,0.324308318598748,3.08624587113183,0.236867734015105,129.930472486201
672,2.6426908095919,1.50962700997721,3.10151661973145,0.832889317357801,127.42626396494
673,3.0992079052941,1.56597200040844,2.98005980023114,0.862521303081963,127.528432920643
674,3.22055088491048,1.19576194721884,2.5476751866968,0.139993703704305,128.858931656116
675,2.49881884851494,1.01587519562936,2.04394436670021,0.0901164152221813,129.991261126629
676,2.09878870067189,0.768751693688483,1.68252075691854,0.0572405500957635,129.73249277729
677,2.08343350868931,0.883429826425411,1.53674311666109,0.0591730941850607,128.901324170955
678,3.00419113259614,0.428659000610554,3.38286364668059,1.67890016524965,127.842612604594
679,2.01569338802858,0.660513367047517,2.67952523368669,1.64935691412867,127.941133454817
680,2.09747462872353,0.250099924039526,2.17096312005349,1.69886366044698,128.545888652584
681,2.27636253292768,0.381375481336133,3.69444861880537,0.757402125812236,129.57684624362
682,2.03000787534946,0.242441322067631,2.37664653003254,0.262392287048369,131.513651772687
683,1.71825301477795,0.0269924181449665,2.21300900197482,0.527633392865816,131.007168634564
684,2.45883058448577,0.125909020529329,2.16355932974305,1.18602446413434,129.80749640061
685,2.59407863598764,0.126032844276502,3.24051002380661,1.3780691693667,129.685875925715
686,1.94250856014417,0.0471434751856502,3.01965225642177,1.99434408212665,129.496794682734
687,2.60000659791174,0.356080470048982,4.95255703825493,4.10939867833228,125.961013940959
688,2.78755051726712,0.179539481574287,5.09014502604725,2.79270207271556,126.403025765241
689,2.69810916569785,0.360387206890253,3.3177245285216,2.11764776168287,128.28512297884
690,2.11049367356411,0.0803767936687546,2.67824299756143,1.71407358863522,129.794594085852
691,1.96959113236572,0.29870290780777,2.83602304328615,1.55550398855458,129.405244742047
692,2.02414880023069,0.421359697711756,3.17836203018241,2.0875393425272,128.400075152391
693,2.13297732931424,0.259921338443563,4.29461636829095,1.95461006300278,128.62644637535
694,2.15740537712099,0.323764107726714,4.47768261824225,2.39468055338604,128.074898298048
695,2.5445449424238,0.384404361542553,4.65059096961374,2.75120820392663,127.398714629404
696,1.81338311098581,0.357643841707951,3.41005411985629,2.60409514118861,127.219725511619
697,1.73108100769714,0.0872370943485185,2.90602445069582,0.1235894259697,130.941882392495
698,2.18830083064876,0.606939676294499,2.58972411960628,0.00514760264087469,130.785617579312
699,2.54521844799943,0.319827253888434,2.158534169456,1.12283000745058,129.540627234931
700,1.81341710018168,0.309919292542132,3.56477839547997,0.308427841485545,129.195347255416
701,2.3220045197212,0.369924212391602,3.57537057779982,0.811363107571177,129.786606123151
702,2.50478167699577,0.0538663682982224,3.1401426049054,0.409190123668693,130.79130705581
703,2.6068688922732,0.901127341969967,2.36137902212029,0.317434955916844,130.047504607601
704,2.78040535854194,0.137642317923053,1.9298045004038,0.218378262401497,130.554325679241
705,2.26016441508323,0.226770919023982,2.72126680200225,0.495647181413939,131.274334018919
706,1.81873199688567,0.491631716902978,2.07967542893931,0.505002563679051,129.457161766979
707,2.15647496396997,0.881709297577463,2.43645287260484,0.521123684825964,129.262192754913
708,2.91870066682016,0.292345682133726,3.22763897882435,0.0226389488767191,129.318574154057
709,2.00383131966377,0.270103886760416,2.98015564898092,0.238051269790416,130.913419942732
710,2.45018800595998,0.362019644872657,2.65235379442848,0.483525497281105,130.927396657955
711,2.17753761822546,0.0882835669986759,3.31710961013641,0.265776937046082,130.97429752844
712,2.32066996612857,0.27025851937658,1.25962313399078,0.113064186762096,129.985995521999
713,2.64317712892865,0.00217453584065427,1.48965707035884,0.503550728194532,129.41012439641
714,1.61987346424049,0.030073665069974,3.59490726666601,0.799621986955236,129.389362306031
715,2.22943021972255,0.10323909355337,2.20518151211026,1.78606463249277,128.76316647452
716,2.83219858117403,0.0292420734611533,4.33803375474431,1.98847754511502,127.434420995572
717,2.36519853153319,0.0571158789349577,3.72231479655946,0.349386533264337,130.029124521314
718,2.60333583222758,0.339746267564512,3.61048534414026,1.63067988987544,129.005207482495
719,2.01326677204731,0.304397923800031,2.75346501393761,1.1647656405671,130.059791540196
720,2.13519464946901,0.188433481474219,3.75662314927462,1.44344250989607,129.692207957933
721,2.67160907440786,0.413181355135365,2.34666490510156,1.81463952665325,127.89661032567
722,2.43271649045783,0.0205803029214729,4.49478950059634,0.583412346832254,128.161197647252
723,2.45831464646766,0.373412171160062,3.55419652463044,0.814808998188899,129.713386613762
724,2.19756446229615,0.139178560736868,3.27661451208246,0.57092818655907,130.840936987984
725,2.17575165252962,0.280960577723497,3.26850354288724,0.832525440133122,130.388304013974
726,2.5293284936205,0.407502340651943,2.21568981423104,0.368203471174122,130.938919224292
727,2.35080457063931,0.293629860072097,2.29482700869102,0.601962180933164,130.989207271481
728,1.96062378867269,0.19648219110126,2.96411360306643,0.310857851864528,131.044696653163
729,2.04807424454806,0.139015182841526,1.90369637899639,0.303583097179023,131.520539587094
730,2.04158808442957,0.0786448048797955,2.26329104327902,0.32359581256614,131.898052917378
731,1.69996686843873,0.319674794309526,3.01234507546906,0.87085052382061,129.172406614665
732,2.1460348695891,0.0939849920327067,1.95078154941978,0.58855891085718,131.156602746505
733,2.60609770730762,0.0729607582094083,1.91657523424204,0.923222813998395,129.615553923431
734,1.87303068635606,0.0814761157506014,1.8814544706662,0.585194823801656,130.777103096366
735,2.16452950853381,0.353693063465192,1.59589855865474,0.387950995400476,130.234172212239
736,2.03549300678259,0.462106385019292,2.06290779431723,0.0736805551695738,131.054903370521
737,2.80594702761676,0.686812036750943,2.43024750253882,1.53829609743602,128.092939838001
738,2.14242408810249,0.580080937895635,3.92887187690191,1.12014078881976,128.442456001437
739,3.06131180486457,1.43391605183679,3.96259775866471,0.737109548506599,126.468132021639
740,2.34957278288585,1.47213125602731,4.04068647776691,0.496250505137929,125.296773476883
741,3.28131016571387,0.822643172052252,4.14570819469146,0.702732152927765,126.089299776407
742,1.85434944293435,0.60857683138098,4.0937451895752,2.04893180083989,126.828773501377
743,2.11961579294832,0.218595614638055,4.17616722149457,3.07067756090741,127.903526347329
744,2.27469287826774,0.00249993765093639,4.17075877811834,1.83092545450927,129.32217319075
745,2.1942135838767,0.405175621737133,3.67504443861047,1.09344385126667,129.43134463255
746,2.3460205086757,0.192598929495094,1.41637848645354,0.62799748926365,129.253521996916
747,2.32952840270632,0.201006449333242,3.84430474789206,0.742935722456365,129.645540594926
748,2.30216296575183,0.114585649709617,2.38607300663589,0.786408542977795,131.093837883476
749,2.94893999698786,0.141568373527609,2.17696468911309,0.235245471016014,130.012378504968
750,2.97952170310414,1.11843084481734,2.59838912022756,0.0183240570277806,129.493624833619
751,2.78895790181646,0.673370042014934,1.85585371378507,0.115474570267096,130.29744684904
752,3.25452232170726,1.2181027724531,2.4729918873978,0.031772219580173,128.913280413754
753,2.27814275297456,0.219296356998626,1.89861687255261,0.205894766421447,131.561901069224
754,2.13297930276565,0.0852870867108424,2.86472485889755,0.816608029839965,131.189249237904
755,2.52672023186195,0.415825631530996,2.72915910005099,0.401767363942523,130.777241967551
756,1.96893171830552,0.310941638759543,2.52639855329132,0.313960614229526,131.069244113185
757,2.40057785861494,0.0373880842867562,2.64702170818819,0.779135077688286,131.114433870775
758,1.96091767600767,0.0767643062762475,2.54126643239504,0.598883493943964,131.440724830568
759,1.91153990983205,0.356371271515886,2.43707814319068,1.20277194809658,129.393393793114
760,2.03289887081406,0.200437709595736,4.59724662739533,1.11213404449574,128.08565160676
761,2.24823613880578,0.091936005700536,4.31242354595905,2.92709664987034,128.31045411895
762,2.26710159884014,0.0484968187991795,3.379333708118,0.811163880505764,130.718868611746
763,1.82875732088299,0.0756076505082316,2.24881865773816,0.847955625768198,130.646742612366
764,2.64846051157247,0.392038187490053,2.34667637723327,0.374933977068541,130.758388335035
765,2.00292552930888,0.046151722049126,2.21371046431193,0.82511753656251,131.067242281769
766,2.02382297502967,0.162041397446449,2.51833120701064,0.805773583655981,130.991460581135
767,2.05979109248331,0.13102094155855,3.07232453211638,0.0270233583008678,131.326093136397
768,2.03990147939042,0.0808231340150888,1.74530384137498,0.228213217856756,131.577894689429
769,2.35453027414077,0.602493585454024,2.80710367155922,0.0131206322970892,130.699474310937
770,2.42813585281704,0.318219144111799,1.85718691015541,0.15825477150173,131.297112060259
771,2.35665577925249,0.670409947052669,2.63658658754407,0.0150738636888913,130.729050005448
772,2.24387798930308,0.173346041309899,2.53163291296046,0.46921099392908,131.502928304421
773,1.83499831917801,0.127330675123511,2.52819824074972,0.079597920294855,131.589054523565
774,2.19939531273042,0.281014255081749,2.02916313378863,0.0306022137826681,131.848589039447
775,2.11521554037079,0.144236349735572,1.67462176363911,0.194154413075137,131.401542570718
776,2.10210611398377,0.112738103729786,1.69716257626821,0.213232821708051,131.475776693888
777,1.60763744806077,0.104638344696268,3.2154341215882,0.222837286576548,129.766546639261
778,2.55978739568408,0.831460894678833,2.00924445265785,0.138308999260246,130.384971142622
779,2.89818697327014,0.4401935989703,3.27447755172194,0.324549025202486,129.230172501478
780,2.41950166662176,0.130856990048392,1.63100603052116,0.299999411227022,130.85886327861
781,2.27215257889476,0.0969814280682129,2.1963047356375,0.182855479098062,132.027533060622
782,1.79335298676042,0.134961267922994,2.455079888406,0.587869687851623,130.859094503136
783,2.70121906368842,1.37656452383378,3.24767970576118,0.389971429362183,127.984448428953
784,2.54417327969246,1.88243887225648,1.97436883451517,0.0507016082338504,126.906177709981
785,3.72959696590398,0.973177071931385,1.967818776098,0.0493669497801893,127.112509947091
786,2.49858920068172,0.00675427751913363,2.69176103361871,2.2579443676653,128.251812967403
787,2.36546236856786,0.152054209129694,3.58898791584898,1.31560665051137,129.911108443474
788,2.15948283474051,0.261648789278552,4.63554510623138,2.47472761332001,128.025037467492
789,2.11165288406564,0.391807413257711,4.85801868658404,2.25683510066378,127.363173616752
790,2.43121584859215,0.213519968206775,4.19827642265516,1.16647051414312,128.842601018407
791,2.27875055799834,0.0462657284692315,2.38000304986914,0.491390558919492,131.686816938937
792,1.95133890332262,0.00558359827916361,2.27093207869997,0.503093272478284,131.728981867875
793,1.96807264325069,0.259209543769148,2.06243393070219,1.09030022341977,129.592516927411
794,1.84860594598381,0.0683033769068798,3.43361578387916,0.344621624191452,130.457131785457
795,1.92923190772958,0.0943105881808897,1.50554946562883,0.517535084472127,130.037845850317
796,2.57931879303792,1.2984375638623,3.17783435874656,0.195609011728507,128.263416643837
797,2.54459408698552,0.825573346974287,2.748223125502,0.0812467615214618,130.215834399093
798,2.5445800012619,0.568487236432936,2.64231759439393,0.941008990727026,129.899304319582
799,2.22980566213483,0.0885414151701307,2.53433140433067,1.44393469625847,130.131904723717
800,2.11178703910211,0.0199282519655918,2.59871001516861,0.62460199953352,131.649781829689
801,2.50279116702644,0.0463254121634728,2.32615641091389,0.0356368109120075,131.868084200347
802,2.25949180243819,0.0665213916187721,2.38660079118484,0.233439495782304,132.017638011509
803,1.90481698900822,0.21989350839722,2.6654106878943,0.772497572739117,130.631686756297
804,2.17529986231156,0.272037647254152,2.10641933515754,0.328936272470806,131.414014481777
805,2.25216367130378,0.639307796980703,2.2313470304045,0.15160805245724,130.793452851312
806,2.28124403195232,0.890036489648188,2.729951418721,0.541163297861622,129.428114475967
807,1.95849032748932,0.836550254797387,2.9853443325333,0.58232179646567,128.366171874831
808,1.77805626184609,0.144278658374812,3.56015132796123,1.08329226987244,129.55947665415
809,1.71082397538929,0.122017316921893,2.59616093537933,1.22404990463395,129.646405617117
810,1.85082900691158,0.264764576452693,2.965737141222,2.24199042429454,128.039899770333
811,2.19021715944498,0.028201158573294,4.16889434115776,3.86080384870662,127.106910392014
812,1.99739559626228,0.0342916261131261,5.53889122545861,5.8334159760768,124.54143892315
813,1.84634124086347,0.199166240850083,7.86458179898963,5.23295996099844,123.064637410191
814,1.59693949248375,0.306843372353196,8.05367184118435,6.64420982268918,121.198530887247
815,3.57759402696257,0.895144562399412,7.02604326635523,5.94856618014952,120.180632724
816,2.62300814930736,0.699875637491904,6.94896925124131,4.71445064411786,123.618156794594
817,2.13402406597288,0.247119547737758,5.91593907222585,1.74254478526044,125.168164280406
818,1.83169947437794,0.287269671222151,1.79287598182231,1.38356458420185,127.609962651724
819,2.00679757047905,0.319176610444128,3.2093116933146,0.809959744581513,130.150581491511
820,2.02900596537258,0.152944932755234,3.12645757520877,0.40361823253181,131.017108416542
821,1.99543752613566,0.388962324709596,1.8067548799612,0.0215734198826028,131.095842345854
822,2.52185215242666,0.418210233462285,2.49530824602557,0.0539824081389963,131.2783849816
823,2.70562143954645,0.521178760489698,1.27614526137157,0.081809955676157,129.233059110391
824,2.74081348676327,0.505950766444824,2.81933880468694,2.20904888621084,127.512344642582
825,2.71092005234353,0.852904930506498,2.6050244088451,1.16616918230239,128.866866116825
826,2.83163836196449,0.463953979093093,2.27669988305398,0.141221910729425,130.549696304416
827,1.9988719694606,0.0663062937544948,2.26851866932073,0.22877516960973,132.027572375714
828,1.81919580458735,0.210239733202105,3.13780443529918,2.60939993613594,127.579919193212
829,2.1454841143484,0.0725696189605714,3.41427111723229,0.963837580849347,130.622502308088
830,2.67494074263494,0.435609529900433,3.51691185249855,1.83409965488748,128.611889478564
831,2.52773390977923,0.174076707018426,4.18392543004628,0.783731819949423,128.658855022433
832,1.85972245008878,0.00771058904714702,4.53496206642165,1.40807787305692,128.605324303224
833,2.44799594979943,0.29486071471561,3.53627677011491,2.33040191655941,128.585851666418
834,2.16856192787862,0.0628745136274513,4.41643070613953,3.99469553025987,126.977376956593
835,2.8275518462361,0.264260244706483,3.93163724802848,1.01118871901095,128.273716019738
836,1.88461931075582,0.228155723191432,3.49634508177373,1.72125346739183,129.180726369427
837,2.52773712704122,0.312396105936043,3.48698566425959,0.0526049603034023,129.87973443359
838,2.13835793715307,0.459387827012287,1.79197326272711,0.0647253112414877,131.04005720352
839,2.2461368251758,0.281137306281312,2.13205514975373,0.293598291762548,131.479725007107
840,2.2209834196571,0.528916613484685,2.50620012091112,0.268674164091655,130.872913176984
841,2.5123026061102,0.677094692152059,3.39099474306129,0.945157985503014,129.265997102428
842,2.49156426221941,0.630978002168658,2.92410741759155,0.771399592561384,129.939843379231
843,2.32682083909179,0.916964915874793,2.62928298000539,1.0893369466739,128.726915800774
844,2.34372954458096,0.127109103199436,1.55467425460487,1.15180949113791,128.335336278405
845,1.98306780600475,0.178824284696211,3.32394417326828,0.761723892844742,130.438554940264
846,2.4819938603585,0.0377581480666667,4.14583276006837,2.83897585788876,128.14459303042
847,1.73987506490258,0.0490520983373725,4.75217829457121,2.26604070005532,127.769133926448
848,1.81519883998592,0.0516853323492126,2.75824134822918,1.34192984352355,130.164145627952
849,2.01265495946832,0.0836612797250698,3.26256303572749,0.543404941802229,130.935247419017
850,2.09333451354517,0.097545426730635,2.84959781641911,2.09331369706492,129.173735215553
851,2.17477485701493,0.0812306288751323,3.82430496468564,0.566948081628737,129.995732783999
852,2.2398548454354,0.208172991581649,2.25012722143932,0.0202752162671388,132.053770345111
853,2.60390555025093,0.124219589269526,2.22361588268076,0.779118882601415,130.377959076815
854,2.13613663208791,0.317726979867682,4.17166467564458,2.97806616292956,127.768116560075
855,1.79889912075945,0.580800662747428,3.9474222525609,2.48701420005121,126.402282787099
856,2.51589779878431,1.05369772965626,3.64090009068005,0.94087365623611,127.987627443313
857,2.82471173711148,0.425639515105418,2.10338262965198,0.127031714209471,130.589947340972
858,2.72425534304474,0.977522635402391,2.67724057702691,0.400574011677206,129.619269798045
859,2.37270587562383,0.059396826008628,2.26407886281078,0.672864112709268,131.197381650078
860,2.73130120909561,0.025166550079062,2.49829352975755,0.696068552197882,130.269991596326
861,1.3364058625578,0.0113372994831635,2.94208073658642,0.566374609870147,128.409624334713
862,3.16477880215526,1.49396927577262,1.90321357637879,0.75218591500599,127.245222213794
863,2.48235457746955,0.61490657358256,3.02155999135687,0.33489323816366,130.204082241373
864,2.40585905831543,0.432082891383027,1.45965414357706,0.177665732186311,130.206616302087
865,2.64540970802617,0.477951467593279,1.64840043711715,0.381099633239534,129.850672378344
866,2.44889528677356,0.39794798296914,4.09548194448058,0.605984483902227,128.620843818293
867,2.3714835706891,0.356047551292703,3.50528735695208,0.200031517558466,129.979393380961
868,2.36129647777203,0.0246469044424693,1.43463104030035,0.622752579622649,129.573705983218
869,2.29940420493555,0.422374565554137,4.35666299589887,0.532783249472161,127.964508227424
870,2.77506731225755,0.640109764259235,1.50584150900999,0.740268658134186,127.969429492307
871,1.98319941051401,0.929162624769884,4.79946068693103,0.71200819618119,124.410383911051
872,1.95621946213835,0.0461351629337165,5.0517171714625,0.661606991776496,126.86430827598
873,2.27916566022145,0.0944648093572122,4.89587220245633,4.50737385514259,126.254574709798
874,1.7008406739002,0.0214105062819046,6.21512176993715,3.35269828140432,125.403052108829
875,1.62062966773445,0.0147983567452533,4.8166214286615,3.74033306607778,126.415663316745
876,3.07153936843261,0.250690397764588,4.21181601599725,2.94126146001031,125.861728064087
877,2.49900321625641,0.140081619465912,4.52556771049979,0.628131656968428,127.840659808648
878,2.08504707493886,0.141308403786368,3.45337072739762,2.55898407961233,128.672931210627
879,2.09665518228636,0.131645715514818,3.00758939505055,0.557811081095645,131.186800463442
880,2.26764324020362,0.0577674583788243,2.71376966204904,0.157853408272798,131.888987938851
881,2.34389344823125,0.194678817261528,2.77515961117089,0.0961644695520022,131.552950719229
882,2.07716904231826,0.0201040836668786,2.17404137893465,0.0229840901388078,132.477539559278
883,2.06509749439847,0.0975956078682964,3.09697510946307,0.409246346011015,131.235312419597
884,1.92165546256582,0.058471369986665,2.57357216005873,0.0843355866373564,131.977433489393
885,2.59399449121026,0.853221233111595,2.38162920840474,0.0932458057573423,130.429405504783
886,2.21694165089028,0.349855777129752,1.974245586699,0.149393811720056,131.452472268721
887,2.58661494317468,0.1715157471244,2.09098517014223,0.890770735760172,130.001771931425
888,2.53573206940673,0.544651245800685,2.2040372723564,0.565061966941669,130.376291814922
889,3.4954258852874,1.57804315373785,3.54330548583889,0.282078003632232,126.345682700114
890,3.39189697053663,1.34790492382842,2.79434290769166,0.954179894935783,127.29389027663
891,2.561892827892,1.34881209516171,3.30294382302896,0.595025334907501,127.744974870423
892,3.02568541047757,1.48236757669127,2.52500923283185,0.862000251164254,127.845082526685
893,2.95076686501716,0.770678963774785,2.3675454297572,0.943233681009088,128.786594317268
894,2.26849895527552,0.0716742770677984,1.83811066833554,0.631699609758493,130.836366222894
895,1.54850395658999,0.0341726800015204,4.16918847665763,1.29472725218765,127.937172053654
896,2.9440531883191,0.57815308512845,2.09454725921813,0.768615594683388,128.985258334568
897,1.84079121853481,0.427773047084781,2.86612699692235,0.430451055632818,129.862484056717
898,2.2197977899614,0.782706603489319,1.90682764396464,0.171739465813184,130.076611588204
899,2.85348026991486,0.0329304301732592,1.86912136420175,0.176538253534463,130.262820885754
900,2.70452341662672,0.453173897932205,2.53937317312612,0.225911894114524,130.697087656935
901,2.7640917727288,0.352892477379348,1.6699272364856,0.39971028591441,129.6876261632
902,2.58921016241435,0.451429409608072,3.1596599173107,1.17241149550817,129.611014618754
903,3.12749645302604,0.653797434602866,2.74923977477563,0.652564583435493,128.761843897506
904,2.46188373195114,0.186054053238366,2.3317340686724,0.879082579203716,130.561230654798
905,1.94233398569516,0.0283791743910896,2.81257786841354,0.0847081160223444,131.84460268454
906,2.79759223423731,0.41520670158614,2.70775874738933,1.56032349113089,128.606308371217
907,2.32197480291652,0.668803602076743,2.95185810284607,1.62651362378201,128.739546680192
908,2.59061160953069,0.708311661964938,2.88305672969382,0.629228343684344,129.884018081203
909,2.35365408448819,0.698355705646844,2.39983665227596,1.39984538122884,128.663629066982
910,2.48737478623707,0.872608529636608,3.61419147317866,0.141522077822992,128.546270961988
911,2.26542400978445,0.226293129706219,2.88831722847011,0.132740992224948,131.385801650989
912,2.35796422498595,0.116670102031559,2.2849996730826,0.155134199757298,131.936688858472
913,2.14012837209884,0.200058510492892,2.81911797921587,0.30898576150326,131.413482210258
914,1.92590278140409,0.255253366237854,3.77005192438153,0.835772581388559,129.360509718766
915,1.96849668559389,0.0384635215465753,3.56251656393405,0.909677256678478,130.434770166579
916,2.3095250021125,0.237986280717112,3.59469703275843,0.395524463285426,130.074386727664
917,2.80345204823851,0.507418464301486,4.55413163245326,0.226811227268286,126.356492448158
918,1.79555617819411,0.498064031800499,4.40251171704145,3.02708555828869,126.041246282382
919,1.8518291074463,0.499661538638892,4.47774451406013,3.14582942097648,126.147949503491
920,2.55192305631981,0.425377778578605,4.05088505752403,0.29113809858129,128.416782525726
921,2.28880103802294,0.129059742388667,3.40218937699024,0.881250481722071,130.495707727513
922,1.86494885164492,0.0329517311325258,2.38160210685125,1.51182295575966,129.685949579117
923,2.49205286606386,0.192471612443372,3.41687365326624,0.669575919508641,130.172251409511
924,2.51359419031564,0.166788813559584,3.47073029228248,1.81927007480545,129.282310821839
925,2.50096418620372,0.452707186517093,4.02733722749149,1.00167683158723,128.69288681647
926,2.19606110448759,0.236549020657563,1.28479975149595,1.11436453521688,126.940332016938
927,2.1763589847732,0.00361882237387654,4.3172377230924,1.80373705970612,129.222171635962
928,2.33296142502256,0.643480393382762,2.08684243145261,0.633939705462533,129.964361819847
929,2.34953196856235,0.781590597694804,3.08547060612988,0.842004562889565,129.340245723673
930,2.97041823080774,0.755129844683089,3.64712403808269,0.486255516222569,128.13751051609
931,2.09207566323789,0.254714188460125,1.64679660819928,0.181300667285841,131.067145076549
932,2.03346324878359,0.214045222698674,4.42726704964652,2.097009059608,128.429121700185
933,1.91421412470549,0.102976311135269,3.61571053310259,2.16923280116599,129.137247300322
934,2.55904888434363,0.147663332067303,3.61327378434223,2.04030574453545,128.900274954383
935,2.94672225584444,0.859798264553381,3.45052663282697,2.07967993096186,127.291087046532
936,2.94273538953643,0.165008881986255,4.23317594556391,3.91792753243993,124.966109324555
937,1.98022444148169,0.387498196242613,5.290644055008,1.53066704649458,125.96187550055
938,2.38940920638342,0.0682830799491336,1.95638872090724,1.05787041732851,129.903405437674
939,1.87029650964453,0.0240924531976676,4.0883197026939,1.30117145256962,129.397192296612
940,2.00246877115684,0.286373465357854,3.422982528733,0.901503095572516,129.942614601864
941,1.84611427914275,0.232883393740208,3.03913532557497,1.31715922503121,129.662315411396
942,2.59590016284595,0.449831782260528,2.82127113922895,0.565942065593082,130.400871242243
943,2.55304084300024,0.0434848192717492,1.89210783956605,0.122064821136824,131.472969219681
944,2.28908011657556,0.130081068371378,2.67221625716077,0.318622829493141,131.644491704272
945,2.11398877275381,0.107236970657396,3.19364617381728,0.48084993783686,131.0671761821
946,2.34596173370609,0.0488134215851118,2.89099083659264,0.0194319141767266,131.661023620518
947,1.83435620563348,0.0818349772741794,1.64676867350126,0.210875393708774,131.056738506582
948,2.10545499939452,0.00437840275145799,2.26973568543899,0.183733466353048,132.296459672291
949,1.89454048506284,0.120443354615894,1.8238205393184,0.214512319953787,131.398204546811
950,1.71334918907655,0.157473442732907,2.88365849170127,0.40645071419023,130.436919480065
951,1.5959706336258,0.41663484708943,1.84708598747244,0.316929300772517,128.591461556791
952,2.86805923971255,0.283693471221337,2.94917582508,0.981139571032958,129.297175127697
953,2.20883256138673,0.335615328571334,2.29165199906857,1.31650681981007,129.553507008417
954,2.18347730952646,0.307665248819842,3.15096788572824,1.62436556053254,129.633582005953
955,1.94231335859474,0.295873841364967,3.96041213139557,0.42957819776308,128.8164504856
956,2.31335135452181,0.144101820123007,4.24239567240569,0.534801683561378,128.811468578791
957,2.19616596320714,0.346427029010332,2.57024273936938,0.222042269287312,131.359591432814
958,2.55175766669754,0.559698563437822,2.67488582131169,0.799338994580538,130.099048951299
959,3.1316656468934,0.533870916014304,2.98944550054499,1.22813254173028,127.995688001306
960,2.10465139152,0.610413943501932,3.28051140948464,1.34502212746663,128.891971754124
961,2.44303413079683,0.463859037409219,3.63541232718286,0.716848033652288,129.454878828484
962,2.41008509221807,0.844104519159114,3.68943767880449,0.912737118781241,128.42767703074
963,2.49866997994563,1.00142107159769,2.6119849705441,0.209711424307475,129.777601641048
964,2.79182527434503,0.412856933011911,2.26873490189038,0.136530986663506,130.702906511046
965,2.11003764590712,0.127065062580731,1.92336136167842,0.0961460747818143,132.007384360643
966,2.09063732820721,0.134599059621107,1.38324310504233,1.19918294180713,127.423660551992
967,2.75909886875282,0.0985367236763175,4.38202796722766,2.19318047180181,127.595352384899
968,1.61175785490591,0.21814190335358,2.02124082820949,0.898852997412985,128.706751253104
969,1.76425793501992,0.0715367860639753,3.56439035631393,0.609269736519659,129.924296590775
970,2.64640692709562,0.0519501755565042,2.74919222666746,0.633276636801484,130.592935162054
971,2.15330033566201,0.162366652114516,3.29815502335563,0.87853594746803,130.605576639189
972,2.31275301025081,0.496346783733274,4.74967516521255,3.57288587648589,126.622809900536
973,1.93387622926403,0.399988041219194,5.95390999805531,3.17821644184814,125.199114481486
974,2.66041818124629,0.379934794476641,5.26235962386489,3.54623169343306,126.182386099688
975,2.19452150749195,0.343866832487335,3.61540342955576,2.43518662946243,128.457886488062
976,2.1428495495578,0.460903631710294,2.2301173917209,2.45411975445467,126.017514131108
977,2.36472542154483,0.568130702720834,2.86830400262155,2.01626806153211,128.284400870288
978,2.42384956977651,0.457412569893809,2.99218615806967,1.33638653678769,129.666149950462
979,2.36004818192409,0.44348784463282,3.27582095596254,1.1671513323697,129.776587556615
980,2.72778680516601,1.16010018522224,3.28018559996691,1.35278004931655,127.914927459457
981,3.18516736478886,1.35388699401863,2.61606132810989,1.34213850147329,127.123541087218
982,2.4486635325671,0.422576156724204,3.62698113376514,1.90869103325859,128.860420345477
983,2.36304920970644,0.492014001724485,3.03300078637896,1.91407890249963,128.767210913686
984,2.63429893917023,0.474096460895047,3.43899072321191,1.51994237323136,129.001031871706
985,2.09935835823805,0.293403230853572,2.72477523417539,1.05671678001997,130.375306721557
986,1.77450611570246,1.11369893520049,2.99631234189911,1.44698353243923,124.862108650242
987,2.3516755386418,0.2055780889408,3.19948961240358,1.97609417750698,129.303342983354
988,1.86150925047213,0.06217972537377,2.62291236156885,1.26769462328344,130.307861391129
989,1.63029214027589,0.101471472709223,3.39083775790654,0.793800405460511,129.438503624963
990,1.69013916815157,0.415856618326038,2.99334608994216,0.377069069197966,129.060886884847
991,2.63367943688366,0.461327630683759,1.97703884181779,0.292013351021989,130.655720443658
992,2.6391968491041,0.579986297047763,2.53086665652963,0.276542850002532,130.616641993192
993,1.95003125145188,0.515539125230296,3.02481006639964,0.544640986667749,129.673372809835
994,2.71471945771035,0.925562556243453,3.49996898953072,0.703768632783463,128.588123879506
995,3.23404178599447,0.829924950755028,3.47676308468899,0.726869859078681,127.550213402377
996,2.13899459180046,1.05012700090971,2.35662082916066,0.585733849040746,128.410202640347
997,3.43594834141861,1.14873828568791,2.72346815951943,1.08043646534952,127.077163685166
998,2.719193469744,1.38947701262279,3.31905522206171,0.854037612610223,127.656550931901
999,3.26277775366661,2.50492210542005,1.84926995792613,0.665607015423437,124.761929241517
1000,4.36575972956943,1.24414960605299,1.7353058509024,0.672165767148533,122.317835835178
